-4.783468289558530095e-01 5.498665886669096281e-01
4.082328162247170211e-01 -3.440627522105809133e-01
-3.505105950358242128e-01 -2.468606063385669902e-01
-1.985457079514291817e-11 9.208598742657282740e-12
-2.663765714290660669e-01 -4.814080410479762429e-02
8.574446708209393364e-12 -4.787379867532415290e-11
-3.514157399262154979e-02 4.588292325496065582e-01
3.559695475685947241e-01 7.669761870572706641e-01
3.020283405370082219e-01 -3.471859391704320563e-01
6.465514891750050452e-01 -5.449201429054543189e-01
2.213125014925320655e-01 1.558678656407634922e-01
-2.906523363970723919e-11 -5.964774448250000441e-12
-4.218822250377076144e-01 -7.624450420570474951e-02
-4.624581273482419874e-11 -1.034286545298357396e-10
-5.565656722984964333e-02 7.266851454439866576e-01
-2.247592855192939443e-01 -4.842690091919542583e-01
