-4.018512074747997431e-01 6.080169086656158628e-01
4.625498939053716008e-01 -2.666098371207489270e-01
2.206093907458819281e-01 -3.675994191250329113e-01
-2.589588614832251087e-11 2.222181554415203156e-11
-2.101844036214009781e-01 -1.705770537658232999e-01
1.349212408463529300e-11 -8.954489927326392262e-12
-3.695820381289436352e-01 -2.741684005214278796e-01
2.383105384170456087e-01 8.112797777155813517e-01
2.537289806011224780e-01 -3.839020698017638900e-01
7.325778595477537847e-01 -4.222516667806165414e-01
-1.392928396747090125e-01 2.321023903836739177e-01
7.399083905162108907e-12 -3.398156694708310592e-12
-3.328861220738947857e-01 -2.701567433292791920e-01
2.274197496987540035e-11 -3.615241439547389746e-11
-5.853371104581153173e-01 -4.342227784625433684e-01
-1.504693496998796842e-01 -5.122423101912126908e-01
