-4.851514768670139865e-01 -6.020205930892059271e-02
7.560723531456606805e-01 2.778131317351659191e-01
1.251972482031313560e-01 -1.718219004747691403e-01
3.331660327990572813e-10 3.176986765726225875e-10
3.058496387137422598e-02 2.553346014186089752e-01
-7.295414752557126056e-03 -2.804686603787704194e-02
1.380524246282444903e-03 2.854196531134314731e-03
2.059836880512805423e-13 -2.640912825599593012e-11
-3.385314706350223135e-01 1.052507498301168479e-02
-1.333261452629574961e-11 1.248365855133215518e-10
-3.455543417641717685e-01 6.716728912155172093e-01
-4.630611000466701710e-01 -2.657209594979805800e-01
1.016648492821459193e-10 2.313588631655885686e-10
6.853948362422816742e-02 1.581218478641472081e-01
5.107480207538518668e-12 -1.993748252227694508e-11
8.189995301544730221e-11 5.655593474135440238e-11
-3.905211337763683354e-03 1.699909859189022848e-02
-9.747745702545390634e-02 1.995052432997413971e-01
8.274697863484202498e-02 7.435744645287931109e-02
8.703594329884226854e-11 -1.079497996507172352e-10
6.900457286303723903e-01 -1.163634087098512453e-02
-5.158476994744319866e-01 7.908254299217146177e-02
4.090520125103809801e-01 -1.484605412060445440e-01
3.820084679340841632e-11 4.777868411417381128e-10
8.786690978106678488e-12 -9.472808813802198393e-12
6.737102357095668681e-02 -4.662094336489717994e-02
1.047848192502764663e-11 6.398345904167782626e-11
-2.553652185583852076e-10 5.954083753852581176e-11
-2.308983852039216411e-01 -1.243811306835709285e-01
-9.916454940273690593e-10 5.443033127409936621e-11
4.516969087296617835e-01 7.420253016076872044e-02
2.896314362907738138e-01 -7.944057031119662327e-01
-7.683738230299526073e-01 -9.534689450020460144e-02
-4.773843246727257905e-01 -1.754113002824120582e-01
1.982850574477835748e-01 -2.721283078452917392e-01
2.269854207733198088e-10 1.879066324626288249e-10
-1.931135582984448013e-02 -1.612183487712885721e-01
-1.155434122215580166e-02 -4.442010119275689034e-02
-8.716634752968538012e-04 -1.802140641894137054e-03
-8.526352528081293582e-12 -2.111208213944695927e-11
2.137488784924117535e-01 -6.645535560182515983e-03
1.255952863411791132e-10 -5.925353350338946612e-11
2.181831224114945400e-01 -4.240944788285096467e-01
-7.333874959342424615e-01 -4.208438785515847269e-01
1.836693384188459177e-10 3.331014097906516425e-10
-4.327585173347896913e-02 -9.983818544024983255e-02
-2.208392751234058461e-10 -2.186101976254638951e-10
-1.079939575950802305e-10 -5.421936628409996709e-11
-6.185000615552859946e-03 2.692285396691509319e-02
6.154729756591772322e-02 -1.259676741420730772e-01
1.310531149964100361e-01 1.177659312849076850e-01
-1.989791491684488571e-10 2.743998400712875062e-11
-4.356950929852310694e-01 7.347188979911102071e-03
-8.169899249330323521e-01 1.252494500348239892e-01
-2.582755719697307217e-01 9.373803349682252595e-02
-6.356977002689018152e-10 5.237019495669230371e-10
-7.744475519348962141e-12 4.603100004878944751e-12
1.067009654762603038e-01 -7.383737688199869253e-02
-2.836258781086090786e-11 1.558895338612315794e-11
-3.551693591980259770e-10 1.444192335216193774e-11
-3.656925380168397077e-01 -1.969925056202800062e-01
-8.415583587980813376e-11 -6.267844389848124110e-10
7.153891040291857628e-01 1.175205767976777310e-01
-1.828733810989990050e-01 5.015880146701535702e-01
