-5.351988788812997999e-01 5.567276225078450214e-01
6.325103067995413442e-03 5.227843776728219316e-01
-2.700397208809093841e-01 -2.021890321114331868e-01
-2.403000007384590089e-02 1.050370514396843785e-01
-8.132454515456081258e-10 1.564104228352526326e-10
6.255178483671177021e-03 3.331189492669334173e-03
-1.101689157061448245e-10 5.511209255425494601e-10
-6.238921296648960307e-04 -8.709153165282609507e-03
-6.640327782920046884e-02 -1.790288110400894972e-02
-3.958678565690078001e-11 2.199537492276867689e-11
1.077476880074754997e-03 4.762930431221067172e-05
-1.359690818576919993e-03 1.177270497650212064e-03
2.529508010199053840e-11 1.819213212452098961e-10
-1.207439178750826272e-04 3.736525702616616020e-04
3.526646105559231181e-11 5.616815280069560551e-11
4.005274262107129512e-11 -7.486369232444050136e-11
-2.041679904508384436e-01 5.323684732353718002e-02
1.157182049835170368e-10 -2.915745422882309867e-11
1.731372574083278049e-01 4.359302435384390106e-01
2.405795824708678587e-09 1.033230050129230193e-09
-3.843762707252396660e-01 -7.340259621686316960e-01
5.912876911965767729e-02 1.005915099861673101e-01
-2.399953542709818273e-09 1.700861421206208309e-08
1.794091793977750128e-09 -4.927774004603521774e-09
5.507070936264910760e-02 5.824318232511019322e-02
7.839587895515166827e-02 1.492332089102063331e-01
-1.781716781939607711e-02 -1.203870280985522637e-02
-1.365856744953109977e-09 5.603566920019250816e-09
-3.002176407446729631e-03 -1.353227250981238212e-03
5.347003311462258240e-04 -4.579206245056553120e-04
5.007615819070708810e-04 2.234833093393678228e-05
-1.261484305197299449e-10 4.056314122934059652e-10
2.263596742397062239e-02 -7.997484928697667916e-02
3.850851479893732665e-02 7.016240040209421880e-02
-1.502885454098064344e-01 -2.314953267017921118e-02
-9.329117731097646971e-02 -3.438247662457561971e-01
1.835506282254109951e-09 -1.523425158396302480e-09
8.094887988736719775e-01 -4.159153105069421440e-04
8.221748431435744154e-08 1.449097854752274706e-07
2.060833569894931494e-01 3.277063431159573104e-01
-1.034393438739329013e-01 2.383952771885376395e-02
-2.293548066867795091e-09 -2.069525037903290106e-09
-1.223755617012234620e-01 5.846417464014233567e-02
1.543353184089435622e-02 -4.010973674878313272e-02
2.044848842958105691e-10 3.984491958029189255e-10
-2.351488479613202663e-04 -1.312306650440989760e-03
-1.653542563069150357e-09 -4.340210973288025799e-09
1.109060190545922777e-09 1.566569670789777860e-09
-1.331433898078130607e-12 -1.361540829919481216e-10
5.011227775505669446e-02 1.036453203600107009e-01
3.542549399435685959e-09 -5.390175933007256639e-10
-1.283565969306540988e-01 -5.924552966184815084e-01
3.183682650852645707e-09 -3.413169448531221649e-09
3.194910485424398075e-08 3.724197125832498242e-08
-9.901687973622602668e-02 -5.246226975562886530e-01
-2.805707427653132413e-01 -5.018588864518369608e-01
4.046776085585883541e-09 -2.863474650663449797e-09
2.424850415946231181e-09 -1.246043598200381962e-10
1.595023953702128471e-08 -6.365036304540779263e-09
-2.458241093310169906e-02 5.520703687917940389e-02
1.852469990973929971e-09 7.257113641736736067e-09
2.110076879078853712e-09 1.065956264674087981e-08
3.411942227094045350e-09 3.205853347843961055e-09
-6.491342402526080119e-10 -4.858551455161417273e-11
-1.111406165314268680e-03 -1.015878095555712221e-03
-2.744934531409559675e-11 -1.902849449189614184e-11
5.270802924287278091e-02 -7.421702103537759776e-02
-1.760815815447487956e-09 -1.980987257496218167e-09
-7.728006294879592730e-02 1.371262528258464786e-01
-2.328128277014398237e-04 4.650039477599642252e-04
7.746097365395005117e-10 3.486325792063290738e-09
-3.743821158690030667e-09 -1.583240776793049887e-09
-1.083697106622551337e-01 4.463453335809300371e-01
-3.759195723722338900e-01 6.690811336885069682e-01
4.847780904702839871e-03 -2.549381386161440055e-01
-7.119047247464699127e-08 1.115833965576884325e-08
-4.807929568084549909e-02 -3.144453289400051532e-01
2.642465018077321329e-02 7.810425628011461591e-03
2.170667237286910429e-03 3.699640404975031941e-03
-6.595620778160051063e-09 -1.189473270654430307e-08
3.026245671467577068e-04 1.478936472217362086e-04
-4.900160247171899026e-04 1.641354353447355076e-04
-2.372684139764396488e-02 6.891545637494293775e-02
-1.688600724923900375e-03 1.459360260933692934e-04
-1.974274197621955329e-11 7.334007194028839559e-11
2.775077901728013885e-02 -1.540484766558473106e-01
2.649807997582352815e-08 -7.637961650740399924e-09
5.331619277455285771e-02 -2.145787134093625134e-02
-1.860056137591159856e-02 -3.890969838225789568e-01
5.649176162537511756e-09 -1.412252265705915538e-08
-1.870640326034897771e-01 -6.840491633298168006e-01
4.535906788172486825e-01 2.756488302969246074e-01
4.496538625316780810e-08 3.069384936931538286e-08
1.746277459310740521e-01 2.511712932180816624e-04
-2.972285692739525731e-09 -2.448394691658422750e-08
-1.351451046803374756e-08 -4.821903830311869804e-09
-2.846445335123169807e-06 -4.839869844482244772e-07
-8.030330678233553785e-12 -2.700448322098599895e-13
-2.496912580617067882e-04 5.492453328692937890e-03
-1.808266008000964827e-10 -3.176934436533200892e-10
3.022217873536153787e-03 5.125133069203048619e-02
-2.141488951725377312e-03 -1.976675765840932644e-02
9.916708974547448099e-10 1.347697289797632056e-09
-2.037855313002261780e-09 -3.111018311998395149e-10
-9.080172423010290927e-03 -2.617466004848328920e-02
1.604426450554047659e-02 2.661501973698287005e-01
-5.688172099320057407e-02 -9.213676490757000126e-02
3.749917629735619057e-08 -1.563657115344078128e-08
4.388292522436578191e-01 4.964898570308957648e-01
-5.006471286998562809e-01 1.465198885549396646e-01
-4.012608081648542657e-01 -2.028641247248376689e-01
-6.846608002863864531e-08 -6.499868951344934516e-08
3.252326136667163043e-13 1.572929563603016058e-13
3.496771113872972888e-12 3.624235469100461970e-12
-2.331625514311113472e-11 2.147841404366166421e-11
-2.037046397828922778e-10 3.346203110490200113e-11
7.187193868576245356e-03 1.879769618609469783e-02
5.416288548423416237e-11 -1.185247128820476844e-10
1.053139900940140515e-09 1.433515719840531974e-09
-6.949751735593906466e-10 6.469851414861129655e-11
9.408748252560638567e-10 -7.038377413702720248e-10
3.681363764768869062e-02 9.590728621154012701e-02
-4.903631702757930670e-09 7.166158981358855087e-09
-9.691637574840701451e-09 -5.642849212078904773e-08
2.262607303666666625e-01 1.358349537394392403e-01
1.945763946069562695e-08 5.577015852174724833e-08
4.462340703438611444e-01 7.283622089815369738e-02
-5.151336906347361300e-01 -6.705250232439319280e-01
3.379247427637743217e-01 -3.515179976063306233e-01
1.001757903474742584e-02 8.279761073523733694e-01
1.705031644666368251e-01 1.276622189658710993e-01
-3.805826716004133414e-02 1.663557192699730014e-01
-1.263252784761450887e-09 2.036427045316591113e-10
-3.949524499375875117e-03 -2.103314757929318924e-03
-7.188750827323612039e-10 -1.912808464252063105e-09
-9.881087169325694294e-04 -1.379339142710459161e-02
4.192704972381367662e-02 1.130388511942477872e-02
1.179340915657804655e-10 -4.191515122806205852e-11
-6.803185057529857836e-04 -3.007287453430469368e-05
-2.153452974944835077e-03 1.864538484378089507e-03
-1.691635480644026735e-10 3.643577129246375266e-10
7.623759159560831208e-05 -2.359237484102302438e-04
7.269440444363352471e-11 1.877616815129695047e-10
-5.711312448355291046e-11 5.283165492844583872e-11
-3.233574397639710774e-01 8.431552164618236200e-02
1.961538015349262309e-10 -6.673325780859329370e-11
2.742115456364834225e-01 6.904181559512483357e-01
-9.657229967964531259e-09 3.025563015401910860e-09
2.426952993466772179e-01 4.634642263098387449e-01
9.364703651166343679e-02 1.593149522380933603e-01
-9.271619443477347218e-09 2.143422151761879950e-08
7.408388903804973696e-09 -8.768938450365304504e-09
8.721995818667864497e-02 9.224446201487741803e-02
-4.949918140409819561e-02 -9.422589647698291493e-02
-2.821848873726060317e-02 -1.906667831433389929e-02
-1.043544334993797007e-08 -1.094813754953273544e-09
1.895573613638366905e-03 8.544292061693409051e-04
8.468476336521159852e-04 -7.252455688706428791e-04
-3.161802825681972462e-04 -1.411089885703567645e-05
-5.117110675336933753e-10 3.171956175035320297e-10
-1.429235704244793091e-02 5.049614532239845438e-02
6.098906460447892086e-02 1.111218962140011757e-01
9.489224002664238544e-02 1.461662133641979631e-02
-1.477528183704620024e-01 -5.445432375179956042e-01
4.539417287576566101e-09 -3.633861844891497841e-09
-5.111114277942953033e-01 2.625996650189145812e-04
-2.828787612518841079e-08 4.583950380797558564e-08
3.263910079079175852e-01 5.190152710099449340e-01
6.531163027413422473e-02 -1.505228609167777627e-02
-2.331095207093791812e-09 6.469259034179581583e-09
7.726794195622481431e-02 -3.691428778896907459e-02
2.444335999457381003e-02 -6.352512779300592549e-02
-2.425096473441695479e-09 -1.021733563675730498e-08
1.484694294891245265e-04 8.285762485000852315e-04
-3.676104754496147682e-09 -1.440049238037272182e-09
2.227234915006084013e-10 -1.017967605669062487e-09
8.419694971468634382e-14 6.853645205270718324e-11
-3.164090786265891242e-02 -6.544168808675440707e-02
-2.024391524873796585e-09 4.158187270514894214e-10
8.104440420401796963e-02 3.740764695215419988e-01
-1.628376121448487344e-09 -1.235383410118726081e-09
1.165599184772903733e-07 5.618911902334282774e-08
-1.568210655466216463e-01 -8.308873787324332350e-01
1.771525707850305498e-01 3.168740259324964170e-01
-9.561982525450690678e-09 9.244689051654759263e-10
-2.432837412427420536e-09 7.888788495712606199e-09
-1.538545055794530369e-08 5.413360878243801054e-09
1.552134173632638801e-02 -3.485773193623970673e-02
4.226014329406509412e-10 -2.001040725180267649e-09
-6.771809460892385689e-10 -3.824627091214494615e-09
-1.062832333493779067e-09 -1.331479825700845921e-09
3.859614253812894910e-10 5.843241094214020369e-11
-1.760224291144132577e-03 -1.608928756054913041e-03
-2.741580345990562995e-11 -7.048141638463928382e-12
8.347798967663908054e-02 -1.175435279694571622e-01
-1.134644654111633538e-09 -5.783036302503302868e-10
4.879465639285132661e-02 -8.658155971644565518e-02
-3.687265820008247511e-04 7.364642695589597226e-04
2.991297015983094893e-09 -2.792299370747610232e-09
-2.647904321225288309e-09 1.813110716759326038e-09
-1.716339208366823021e-01 7.069133835170194891e-01
2.373557528508911663e-01 -4.224580367285138416e-01
7.677892193666651689e-03 -4.037662464365895376e-01
-6.449155962211643189e-08 -1.124125379226569257e-07
3.035726112694753925e-02 1.985408824360108127e-01
4.185073938903814683e-02 1.236998511379743849e-02
-1.370564100712522854e-03 -2.335952589168509199e-03
-5.117811061613202266e-09 2.212970350436072836e-09
-1.910772480407382313e-04 -9.338009677237448718e-05
-7.760784030315848094e-04 2.599546198291161590e-04
1.498113529581397707e-02 -4.351324103336955823e-02
-2.674381779616970354e-03 2.311281211890502097e-04
-1.506285213373614707e-10 -2.810935912927923334e-10
-1.752185050144526579e-02 9.726624902257757777e-02
1.311145572963402710e-08 8.320375515397318571e-09
8.444119353186095578e-02 -3.398457591580747450e-02
1.174440332560562107e-02 2.456759524062185618e-01
-3.111344381205606604e-08 -1.720788890751856582e-08
1.181122354534213104e-01 4.319085548064400260e-01
7.183888533679577693e-01 4.365676754466186194e-01
1.117261953779401685e-07 -1.953759006930483891e-08
-1.102598207264581937e-01 -1.586015951146583667e-04
6.501064368222912255e-08 -3.702620787332634544e-08
9.396775625264707456e-09 1.465162307031891343e-08
-4.508141494598077305e-06 -7.665260156382226159e-07
1.101512835210758349e-11 -9.650834427044622165e-13
-3.954564336066116381e-04 8.698844877477301604e-03
9.997701465827392507e-10 2.415966156301106110e-10
-1.908229233562542572e-03 -3.236010646619483927e-02
-3.391650973216981356e-03 -3.130622002181120828e-02
-7.166348779447175256e-10 -3.711343749477799724e-09
1.230519909316696101e-09 8.564779905134143219e-11
-1.438100886029171008e-02 -4.145494017919895691e-02
-1.013034750771139338e-02 -1.680473238758891930e-01
-9.008821621923694678e-02 -1.459244150619553593e-01
9.422800439481444761e-08 5.972948311072722742e-08
-2.770770553763446387e-01 -3.134840288127384023e-01
-7.929150518262750857e-01 2.320554312810883257e-01
2.533565092646039574e-01 1.280884254486105711e-01
9.568273087387786702e-08 1.154383922654839720e-07
-2.384986995584864414e-13 -1.348760392633975153e-13
-3.086161860319317356e-12 -2.090757837072618065e-12
2.422813775679402142e-11 -2.272771529665690243e-11
-3.209699326829516081e-10 -5.948018002780377465e-11
1.138294296290034979e-02 2.977143928277234744e-02
2.317860944156274346e-10 -1.577165154917438917e-10
1.725945694258578758e-09 2.271431514224691584e-09
-1.538528055381973996e-09 -1.708269540847977023e-10
3.959489170921371816e-11 4.767079466129350350e-10
5.830474861172661727e-02 1.518961628031058886e-01
1.308947675162681732e-08 -4.121898722848208762e-09
-3.387510493466695347e-08 -8.867091951792529457e-08
3.583474677045875856e-01 2.151327997482936627e-01
1.724801008103368715e-07 4.606503801797508611e-08
7.067366029639714498e-01 1.153562869717004585e-01
3.252559047102187018e-01 4.233698978763920651e-01
