-7.447408522872971393e-01 -2.043148269013763674e-01
3.716479515520673682e-01 -3.677245064686854858e-01
-2.475981891432885162e-02 3.364354418451401818e-01
-9.727242301645915024e-02 4.634974952894424516e-02
-1.811609632594092290e-09 3.470027649516474401e-09
2.147928392507564115e-03 -6.753555561818793372e-03
-4.527410313664466070e-09 -1.580891305158939890e-09
-4.791227276319871831e-03 7.299496703122719705e-03
4.488228025085030937e-02 -5.211035716424577274e-02
-4.706369749090931687e-10 1.589444979389875405e-10
-6.538070122729175556e-04 8.577648144469257087e-04
5.713191089137996739e-04 -1.705379800919629802e-03
1.458085844947663431e-10 2.842160268584126215e-10
3.887208507267070757e-04 -5.559636865629497920e-05
-2.109654375700264376e-10 -3.411180412908606469e-12
-5.668796788423204409e-11 1.316959237629306770e-10
-2.108334772882174135e-01 -8.244701754832488294e-03
-2.099978108072164673e-10 -1.439619257137536579e-12
-7.250913758654191354e-02 -4.634157012483087201e-01
2.417146152677851489e-08 -1.707612028601507292e-08
-2.880170725069717830e-01 7.769075854712642615e-01
9.238280762912380595e-03 -1.163164546699449742e-01
-2.105294135138418119e-08 -2.241364569266346312e-08
4.312483327904848007e-09 -5.905110841931612842e-09
-3.718106919395017945e-02 7.101140297297987847e-02
1.239228174126296295e-01 -1.142786048585005682e-01
8.819248643954679528e-03 -1.961129611014347796e-02
-7.775762177533989544e-09 -1.582515353351979237e-09
-2.110784765886041751e-03 2.527619780772881290e-03
-6.561580397281321355e-04 2.550512411989845130e-04
-1.303823594711406113e-04 4.840055858536520747e-04
4.167166739008244720e-10 -5.365191881477206495e-10
1.963425897107436841e-02 8.076422103560430832e-02
7.681885696070779590e-02 2.246177672988135254e-02
-1.380419121557515671e-01 6.377286871465961959e-02
2.899714461198278359e-01 2.069668739683037662e-01
1.266642186036597138e-08 -1.389637404445356055e-09
7.936239854875611899e-01 -1.594778016131634668e-01
1.095295903252909303e-07 -1.100708179583135464e-07
3.860429851264893242e-01 2.885631115626025034e-02
1.039330263057035852e-01 2.158580140887269433e-02
-6.741265217033165807e-09 6.539892015112650653e-09
1.341998034549505558e-01 1.960214830426728130e-02
-4.225919943635546294e-02 7.819929690711352466e-03
7.356118755481006730e-09 -7.721148058471797053e-09
-8.050220111051840108e-04 -1.062706691703680945e-03
3.070232819505657225e-09 4.811893957599905134e-09
2.091056662922109838e-09 2.201426944237010107e-09
9.525358391020541669e-11 -1.179859240720975506e-10
-2.721607144341205847e-02 1.118609771443518225e-01
2.034129609066517172e-09 -1.136508457382249177e-10
-3.292098773162354108e-01 5.090182170177333099e-01
-7.973672002149259712e-10 2.382785162206795686e-08
-2.363385641904681526e-08 1.938853579603615517e-07
-3.430282635673018166e-01 -4.091023105623451395e-01
1.656048315143843555e-02 -5.747245141767705068e-01
-4.243302263887894210e-09 3.987195252563449861e-09
9.713063502818714963e-09 1.086596286864422755e-09
-6.514026290724553875e-09 1.837409930826385511e-08
1.370553934873071020e-02 5.885804914159267071e-02
-1.368352645398559515e-08 2.486799593096434992e-09
8.529835174865670105e-09 -2.761970608788913445e-09
5.710727481174922513e-09 -1.771807686965358214e-09
-4.698178828439199481e-10 1.163786163958464370e-09
-7.356292726012998370e-04 1.313804249568554855e-03
-1.412948878449886425e-11 -5.936221647703451842e-11
8.651807145617783357e-02 2.830063371328097460e-02
5.678540193167008147e-10 7.983135855916720890e-09
-1.066498505601650854e-01 -1.157653951466465492e-01
-4.431745458411167813e-04 -2.720812439510191883e-04
3.981871103511705915e-09 -3.551598364012106130e-09
4.404616851813735628e-09 -1.189307476499602270e-09
2.657948419508502358e-01 3.745947853567305752e-01
-2.073567306394867027e-01 -7.389101863071427800e-01
-1.597061213316768868e-01 -1.987735814628769082e-01
-5.280276768033403254e-08 7.959238758952864791e-08
1.249510064409754817e-01 2.925315676611658922e-01
-2.767691259828757976e-03 2.741533981981257931e-02
3.183517203044084008e-03 2.874773996463307005e-03
-8.633229730151918557e-09 -2.947955780486512110e-09
-2.026870431647822201e-04 2.690207055046280483e-04
2.022682152835503407e-04 4.755458358107234355e-04
6.558525489691126309e-02 3.179429904473380503e-02
-1.130224422456354742e-04 -1.691129830056846807e-03
-1.919732356287346040e-10 8.100033433618636704e-11
-1.211329361822565814e-01 -9.913550773502967373e-02
-2.727559745390319110e-08 -2.891662733024783484e-09
-3.301890721951331736e-02 -4.704051583051362118e-02
1.805204865333216446e-01 3.451880573632246096e-01
-4.599053562768568436e-08 -4.147772244955337635e-09
3.655716093729817762e-01 6.076785560792093976e-01
-4.055547574606976347e-01 -3.424216223581053042e-01
1.100213967219883685e-07 -6.007446659383979967e-08
4.080917793652885650e-02 -1.697924036416795790e-01
-2.953610947235773232e-08 5.549408785368158522e-08
2.772327436653618427e-08 -9.391718099992708118e-10
2.153321977828659307e-06 -1.923457490657634733e-06
2.325978387180417911e-12 3.626293118433244789e-11
4.385510543773707068e-03 3.316125485521121633e-03
9.257473992887835246e-10 -3.486782161020632448e-09
2.061268983776249827e-02 4.702073704028594814e-02
-1.263905744626844276e-02 -1.534812333211866241e-02
-7.133592899091622994e-09 1.786399989658939279e-09
-2.339658352887154871e-09 1.447935883041684267e-10
7.811140695077383941e-03 2.658098344036942048e-02
-1.537735698352408857e-02 2.661895587195755031e-01
3.667651647960345346e-02 1.018799887630169321e-01
-5.559079306023015854e-08 4.417854538603640254e-08
4.792340547273437473e-02 6.608909137234945108e-01
-2.183627128105495308e-01 4.737436894901568829e-01
2.175421149239737673e-01 3.934966827251670796e-01
-5.365347720243670599e-08 3.275128473099612814e-08
6.562817784764968941e-12 4.623847529592312605e-12
3.604995880036608368e-12 3.201618167431586585e-12
2.834863301487864657e-11 8.596689172854044574e-11
-1.516020112079252242e-09 -6.602665843505914592e-11
1.661048098610925713e-02 -1.136226479734917146e-02
2.988409955721281671e-10 2.413195421260297622e-10
1.002412546451339587e-09 1.814327555823787565e-09
1.503511867011442684e-11 1.658470504141526977e-09
1.528054366549788656e-10 1.616681240422703135e-09
1.018752644715799210e-01 -1.322429367809648156e-02
-2.187626941567363993e-08 -1.854496922112971836e-08
3.713625567778554808e-08 9.441280403455836538e-08
2.550893475675875544e-01 -6.763473597534500059e-02
-1.183609162921212784e-07 -1.030000871698516859e-07
-3.481874343141343475e-01 2.884356682831064056e-01
2.004304504652347496e-02 8.453195601935284964e-01
4.702296108821882314e-01 1.290044477415738522e-01
5.886090669007898457e-01 -5.823951858737241860e-01
1.563335831721930289e-02 -2.124254451355874762e-01
-1.540582433484682379e-01 7.340786308538298222e-02
-2.837278448498109121e-09 5.562850494951085821e-09
-1.356202286253310263e-03 4.264195149537007914e-03
-4.336446744024238857e-09 1.647076783017087714e-09
-7.588256449932436615e-03 1.156080768932755791e-02
-2.833868613618781632e-02 3.290249592655992983e-02
-7.111896058499840175e-10 2.730776012875300038e-10
4.128147125704231942e-04 -5.415935955396745851e-04
9.048444781947569300e-04 -2.700948890154448740e-03
5.734228510302666357e-10 4.396405201485266731e-10
-2.454390897369897770e-04 3.510347032291207149e-05
-2.441063214622642372e-10 -9.968741585928231041e-11
8.070111184733770334e-11 -9.040421854804108106e-11
-3.339141128627686750e-01 -1.305780454808919480e-02
-3.127721553974893709e-10 -1.602198929084863721e-11
-1.148386133710482260e-01 -7.339491090777724436e-01
-1.695936956841448406e-08 8.349623183828702722e-09
1.818540718137002243e-01 -4.905396968406008362e-01
1.463141504190257867e-02 -1.842198224744716062e-01
-4.134990411547184481e-08 -3.937871792129526113e-08
2.417835298293424806e-09 -1.358422023023213299e-08
-5.888668140864703610e-02 1.124665302750227774e-01
-7.824490663233928112e-02 7.215554993856149180e-02
1.396774567774419426e-02 -3.105999455509332943e-02
6.289957920873191603e-09 1.165297278820937726e-08
1.332752221058931558e-03 -1.595942352436384697e-03
-1.039211510822007044e-03 4.039454189595811213e-04
8.232387234982065300e-05 -3.056019572832051963e-04
9.521311129648432877e-10 -7.312902852805431567e-10
-1.239707739770565600e-02 -5.099455494690792456e-02
1.216642666232502223e-01 3.557454115399669853e-02
8.715970650404319953e-02 -4.026621178926246408e-02
4.592513425025005480e-01 3.277902521979595973e-01
2.004727685344283541e-08 -1.646376569993617969e-09
-5.010944998293218600e-01 1.006943425185188312e-01
-8.074368260362348089e-08 2.960531898857241234e-07
6.114075225583095463e-01 4.570208881809818824e-02
-6.562334940280312168e-02 -1.362928449386693192e-02
5.739203338429942316e-09 7.139716577734674796e-09
-8.473382262239320672e-02 -1.237681289408905719e-02
-6.692925945544901667e-02 1.238502756980600777e-02
-6.370298627055309514e-09 -1.824228694689020802e-08
5.082963222592857579e-04 6.710082321800860941e-04
8.778052912733013466e-10 6.532607980373201499e-09
-2.879744688638315366e-09 -2.150928059386669334e-09
-1.023118452325410774e-10 8.942520108865270455e-11
1.718423621019398231e-02 -7.062905688134545057e-02
-1.214047850807818276e-09 5.560408132719264215e-10
2.078632285243048605e-01 -3.213942429837116088e-01
-2.239343321781027958e-09 -1.221797292477083359e-08
-4.783765241764356691e-08 2.228847598411672702e-07
-5.432820672714773202e-01 -6.479286266770873937e-01
-1.045606496310763807e-02 3.628810327226185128e-01
-1.056083143351578745e-09 1.908309102551412256e-09
2.328894266655164091e-09 -3.391835669933908361e-09
2.597139970520508424e-09 -5.472421165014582500e-09
-8.653674862698423204e-03 -3.716299200614018444e-02
1.171250007080475278e-08 -3.265293544036749805e-09
-7.495071265245392640e-09 3.927403432862877974e-09
-4.460151631546732384e-09 2.347437959935708135e-09
1.986755731234651360e-10 -6.906062978192211528e-10
-1.165075883936983296e-03 2.080778558377964667e-03
1.989361908712183880e-11 2.983405558189267115e-11
1.370257012221698101e-01 4.482201385985166292e-02
-5.857276449817527646e-10 -4.872104211094347229e-09
6.733874957930743865e-02 7.309430746696006509e-02
-7.018924046693694871e-04 -4.309146758371325291e-04
-1.118392531689263906e-09 3.590550496048561034e-10
2.871769547330651107e-10 1.102318201443090425e-09
4.209608915602883750e-01 5.932762071945830717e-01
1.309251254150038679e-01 4.665481426919721453e-01
-2.529395344499069664e-01 -3.148137573873575068e-01
1.698967326809664832e-07 -3.775228776186686979e-09
-7.889412021027403243e-02 -1.847045588400736404e-01
-4.383446124928979531e-03 4.341992429974481094e-02
-2.010077515101075379e-03 -1.815139364696609402e-03
-6.876830956030707509e-09 -1.158629560823932630e-08
1.279766629634532010e-04 -1.698597596016749776e-04
3.203485517393274873e-04 7.531605780768078906e-04
-4.141055083245989005e-02 -2.007493055615774610e-02
-1.790028913860804453e-04 -2.678378433240261296e-03
-1.378221384574745403e-10 1.331731483509417134e-10
7.648338118417212506e-02 6.259419832678439488e-02
4.630533047477491995e-08 -2.330310513799240127e-08
-5.229471841145558186e-02 -7.450187257348797609e-02
-1.139806942056678651e-01 -2.179518570251553211e-01
-2.265384921826607076e-08 4.596101220601372647e-08
-2.308221184930035752e-01 -3.836887129088673576e-01
-6.423096111530905983e-01 -5.423207485714156562e-01
1.518289086774267356e-07 -1.833119588461009997e-07
-2.576703425655454266e-02 1.072071561813153079e-01
-4.829936480862710177e-08 8.073053719567194102e-08
-2.030379616307795187e-08 -1.959430835693655942e-08
3.410389373440920337e-06 -3.046335118888366116e-06
-1.393088612216798966e-12 -2.416842700116853047e-11
6.945689358513341093e-03 5.252017295990249121e-03
-4.518918776643565656e-10 2.268486167534640286e-09
-1.301485895670220945e-02 -2.968890836909044220e-02
-2.001750198223735053e-02 -2.430807193988991644e-02
-4.484290668837147341e-09 6.588409839489258065e-10
1.287954918869609593e-09 -1.120320213261193086e-09
1.237113565284416253e-02 4.209846103027101161e-02
9.709262396734799280e-03 -1.680721827873524199e-01
5.808761932991318017e-02 1.613556999913779988e-01
1.563898667344426046e-07 4.964461120513720916e-08
-3.025880455090468324e-02 -4.172866831810299049e-01
-3.458388553383734965e-01 7.503064433385132626e-01
-1.373561445174650009e-01 -2.484538818860177467e-01
-1.828050011533947072e-07 3.128606258440752284e-08
-4.169044748649990037e-12 -2.895557691379112870e-12
1.189195597719298288e-11 -8.349141916363399556e-12
-5.902071806954022533e-12 -5.414497843646181572e-11
-2.524372830018279071e-09 7.038553738046507436e-11
2.630736861745220506e-02 -1.799534222034096173e-02
4.405861825054662976e-10 -5.827917598494431824e-12
1.424859499343552594e-09 2.923409365720963491e-09
2.686100189816721672e-10 2.119473263236691942e-09
-4.113108237583988024e-10 -1.393795995210639403e-09
1.613481339482994437e-01 -2.094438936084762684e-02
-8.028504862380126470e-10 1.772224595976913170e-08
8.106560321843638546e-08 1.732215961930445306e-07
4.040057532197038892e-01 -1.071186206100928212e-01
1.032245227580103000e-07 4.188413646200137262e-08
-5.514529096189034751e-01 4.568191389355579224e-01
-1.265517284206292906e-02 -5.337349193183640317e-01
