-2.917028746662938543e-01 3.112869168438417433e-01
-7.766178047908688376e-01 -1.914681547303828113e-01
7.945719926009361597e-03 8.064926410942746537e-02
2.144360753093692562e-01 -2.310714069596647990e-01
2.470689563511674347e-01 7.482083082191488821e-02
-6.501014560592030317e-04 -2.738258087958306969e-02
-4.012230447756162666e-02 4.320982178221685621e-02
-8.188118136479098294e-03 8.299038032741791818e-03
3.094899336151430824e-03 1.608723416972619030e-03
9.734824956695450286e-04 1.086693632209933830e-03
-2.770626440494857061e-07 -6.792943494435455635e-07
-1.196089769580569003e-06 -1.268860573481144210e-06
1.213539445394235406e-03 -8.402704119331750200e-04
2.992907046241570414e-03 1.219018067290909271e-03
-2.941655362982692999e-03 2.112747170617808833e-03
5.122300649208976780e-06 -6.046208070026315270e-06
-1.829958384703188595e-03 -1.201707342115190813e-02
8.651834840622618997e-03 5.903437721579797744e-03
1.672788475568908959e-02 -6.166980039482839598e-03
-1.031521492444039886e-02 -7.036440481849159240e-04
5.076992116484420059e-01 -2.036064360796126932e-02
4.279815896921984608e-02 3.177692158722648930e-02
-1.548523680287167970e-01 5.028253707428955721e-01
6.605161776674450813e-01 -2.970246786566185793e-02
-6.267040483463381939e-03 -4.537322419859136924e-03
2.216612772051006555e-02 -6.947097153675275971e-02
-1.283668599372927710e-01 5.735241825776282720e-03
-5.248389780185179487e-02 7.528513431913747521e-04
6.046534439972856868e-05 2.224005444511155784e-04
5.250490077076443987e-05 -5.485227550978415308e-04
8.347498468201835952e-07 -2.034560884842690162e-06
7.238453828616337209e-08 -5.269376892770268397e-06
4.349539955884542015e-03 7.563673321173537776e-04
8.447635205103671240e-04 2.396032403170545756e-04
5.821438871357754574e-04 -5.243981012156139366e-04
-7.136740412294580779e-04 5.821627014621592330e-05
1.550695942348079108e-02 -3.641057820574158596e-03
-1.007941323720149473e-03 -4.045034113288646996e-03
3.321532639604608296e-03 -1.596821211682167025e-03
-1.708191407135893755e-03 3.957053137984629237e-03
5.744565208104950027e-03 6.891582088345918518e-03
8.428712438601961010e-02 -2.207671514498859566e-01
-2.393460802920612668e-02 -5.933746331305534381e-04
5.899732064696967121e-02 7.008253899342528626e-02
2.887982708807489973e-01 -6.518646779245403922e-01
-7.527616861307516449e-02 -7.496156105202033196e-03
2.206671132023986237e-01 2.622828570291674266e-01
2.389219494875016447e-01 3.021092279736583563e-01
1.898118519136737237e-01 -2.760523871685485187e-01
1.150541862062404164e-01 -7.998654048663424165e-02
3.768974780826230572e-05 -1.018349749742459445e-05
7.555256692825821556e-05 -5.583375843102674114e-05
3.657392435836981370e-02 6.980484748124256289e-02
2.798733918687438919e-03 -5.005532737747809061e-03
3.080263911034820685e-03 5.640419007625564925e-03
8.617339397462894096e-03 9.510250628196307079e-03
-6.213014645506249878e-02 -3.495045673875146058e-02
3.180133540357257121e-02 -4.746502741474256659e-02
-2.665066150675514042e-02 -5.136077789547054129e-02
1.929232346785719624e-03 6.808494616307842438e-03
9.350726310519957146e-03 -2.659370757363589688e-03
-6.436246051809777456e-03 -2.733870979640611910e-03
4.258804878857260119e-03 -6.888829597778377278e-02
-6.680944384172662898e-02 1.935193551757345004e-02
-4.897169388794921085e-02 -2.010981374468041177e-02
3.582129349437380983e-02 -4.976654646320491926e-01
-5.420222841969823957e-01 1.568311491941003499e-01
5.491896235363183942e-01 -1.410194661456448673e-01
-3.133462786131196304e-02 -5.701839721205407413e-02
2.194584586563279663e-02 1.539927544269291682e-01
-2.004506654575664588e-05 1.285776720415738651e-04
6.808398500132028684e-05 3.038913770469315809e-04
-2.604050525049157461e-01 1.690585409035442327e-02
-4.466363036838958203e-03 -1.754092888013910191e-04
-2.254421006701398927e-03 3.291521158141914438e-03
2.179130203954575407e-02 -7.182917309564443992e-03
-2.630395884883599683e-02 1.196055558575230028e-02
6.182392909759078063e-03 4.328887164079201627e-03
6.472496574577192574e-03 1.540634665027331741e-02
1.088354742471893920e-02 3.024085886812521561e-03
9.934963476515577336e-12 -6.793310845376719481e-11
3.095191190876080134e-02 -6.107792131719685935e-02
-6.879641955069718331e-03 -8.932438302741806243e-04
1.501070222294279123e-10 2.071610163433764793e-10
1.076501313004476629e-01 -1.874163405196053456e-01
-2.245859233447620312e-02 -4.636302258254085783e-03
-5.666773011353593384e-08 1.991351331537560432e-08
1.340938707633367891e-07 -9.493688337483822878e-08
-2.825998350537942683e-01 3.309987797077817984e-01
-1.594775837090670612e-01 8.778493562816069851e-02
-1.744794438930512559e-01 -7.940374779732042310e-01
-9.429569217207676990e-02 -1.770028793002447198e-01
-5.914295650346889375e-04 2.486731373805394895e-04
-2.801739139984431304e-02 3.973621257728191664e-02
-2.099544874148378745e-02 -5.028351430424113366e-02
1.819928296459580468e-06 -1.077160558304614334e-06
-2.305818048737212633e-02 3.933095236662831340e-02
-3.755727922831324228e-02 -1.871173859023938721e-02
1.309751465226825611e-02 -3.115271571165492345e-02
-1.708915540583313226e-03 1.341426264491189790e-02
-4.080731044985043534e-06 -6.784230525354390823e-06
8.632549578427673592e-03 -1.514517885082149878e-02
-1.738252975157823874e-03 -3.129608912629375695e-04
-1.313484609545484232e-02 -2.159840284034922342e-02
2.853549088196447384e-02 -4.448088027386259274e-02
-5.428962488722240479e-03 -1.401363000682850782e-03
-6.461735441695222459e-02 -1.063234356366566796e-01
1.927395989681459851e-02 3.399400013356064509e-02
-6.375810472173067123e-02 6.766303562868658528e-02
-3.494331895868551391e-02 1.705659265459295165e-02
1.856887132900944309e-04 -2.132874062150346992e-05
3.998754547141638942e-04 -2.121957825816619188e-04
1.225001080997391301e-01 3.584957718773685853e-01
3.374145480760934457e-01 -4.319492834066427367e-01
2.086147971272614976e-01 5.777732084856092021e-01
1.873265861713039326e-01 2.841843681752210804e-01
8.240075544363227589e-02 5.991034049762102021e-02
-6.003432670232592555e-02 4.915669076677505606e-02
3.333222581753642749e-02 3.422154330134058453e-02
2.038338399089998157e-02 -4.545589891635511137e-02
1.940424616296149615e-11 -8.556261971235864362e-11
3.244573445737012566e-03 1.276620554779606814e-03
-1.201962643894280555e-03 3.439308885654031311e-02
1.019201670150695507e-09 -2.094152675449093597e-09
2.442508808269575060e-02 9.272820525168718603e-03
-1.108777999870286940e-02 2.459849396076838612e-01
-6.847442101185916282e-08 8.664151996938474360e-08
-2.168606679584482550e-07 2.842457349272124351e-08
-1.482357415508915588e-01 -2.533975072678432694e-01
1.176140759890012405e-01 6.919446939683693287e-01
1.072664797863924213e-01 -6.959932864606292735e-02
-3.425789357307779670e-01 3.890030092413476748e-01
3.510237303825296338e-04 4.312741845480218749e-04
2.020271170858220777e-01 2.534607373105375507e-03
9.784800161795961793e-02 -1.514124101379578091e-01
1.218247899262290365e-06 -8.181833976283934933e-07
-6.101223719368917373e-05 1.613904774594337880e-03
-6.705641111752989056e-04 -1.428566536930083765e-03
-4.168954556367566490e-03 -7.411078051772831011e-04
4.860498158310033040e-03 4.685510650124858831e-03
-2.092149546775580286e-04 -4.045419196509177781e-06
-7.305961340461099556e-04 -6.129895709571126254e-04
3.299793908383130518e-03 -8.815726987421747957e-03
3.221504771119981098e-02 4.664293825697201821e-04
-4.799073101981334022e-03 -3.929197994188033706e-03
2.104466783291804310e-02 -5.453702924315315115e-02
1.770230518240722695e-01 2.614274129846240729e-03
-8.205997356511107732e-02 -3.701198873622030348e-03
1.269632685793821610e-02 6.073322020430679119e-02
2.288067846185742882e-02 -1.465630129563694761e-01
-1.099792385740008582e-04 2.258726034012704454e-04
-4.550824258737159626e-05 6.024330573722439831e-04
-4.936648147164722777e-01 -1.164173109434901293e-01
3.553393495025017890e-01 1.240046922871890916e-01
2.624115685786669872e-01 -2.095379641011609895e-01
6.417194695896383250e-01 -1.411158562419102987e-02
-7.570901833335538268e-03 -1.349492236846520357e-03
1.165284553284223409e-02 -7.529096050109355780e-03
1.238221659231357116e-02 4.308478017309988473e-02
2.092079598573135663e-02 5.148963793368894343e-02
4.271888125725009950e-06 1.308651808846093961e-05
2.200509234623378033e-04 -2.390405456687643934e-04
-3.026679820041489779e-05 -1.294417265021092241e-05
4.454057618133485920e-05 1.342334390695008504e-04
-7.080211433013730571e-02 6.926217972051583460e-02
9.328339181803042834e-03 4.839852496661183057e-03
-1.535289874823168171e-02 -4.631424364877919503e-02
-1.518905680900365165e-02 -5.093883935451443828e-02
-4.613954977560494330e-02 3.083295616107463791e-02
-2.260931966228191259e-02 5.249436102786052792e-03
1.497241600128043728e-05 1.641167928705778317e-06
3.567390919905265659e-05 -9.629139520464479043e-06
3.165480996248194213e-03 3.054619223512980430e-02
5.868419263985185513e-02 -4.761740650904247585e-02
1.018145380873965340e-02 8.408057817459439753e-02
1.438117911225075471e-02 3.858036196331694062e-02
-3.461356917640845965e-01 -3.894945831169318584e-01
3.148530307338352485e-01 -2.266856247848356432e-01
4.133384075748186949e-04 -5.022895806470724089e-01
1.731193450053298069e-02 6.575088932991435264e-02
2.058770436862169402e-12 -1.633570182150306306e-12
-4.328792420750811180e-05 8.514405932113498267e-05
9.595034987339293026e-06 1.258257653286222705e-06
8.583875208988771493e-11 -1.558147090631426774e-10
1.447679784419438238e-02 -2.512751801047023725e-02
-3.012548213029858386e-03 -6.260062382173768375e-04
-1.315113026755506630e-08 9.080629921985615170e-09
2.655047111868401071e-08 -2.074619074665045424e-08
-3.734524464836021934e-02 4.362516518225074275e-02
-2.105742109496508419e-02 1.155546052565071570e-02
-2.341295696329470308e-02 -1.072196178918661674e-01
-1.269786987834924281e-02 -2.391046967846302898e-02
-7.956277695296151643e-05 3.336287693790432882e-05
-6.585780308983050363e-03 9.315460315701283925e-03
-4.910385879892132863e-03 -1.180491477069954380e-02
3.636891663680995962e-07 6.158041189144790087e-07
1.602097847482686077e-01 -2.547765366565266643e-01
2.331859475846585483e-01 1.130169947457383139e-01
-1.080180759749414104e-01 2.008866222478839780e-01
7.639500297112172995e-03 -9.497190626504793676e-02
-8.570732998670219856e-09 -8.873775492366527985e-08
-2.075901951156462787e-05 1.443385067744318596e-05
2.079614445799377764e-06 1.495164052439739838e-06
3.616180865859761457e-06 3.560659505835230156e-05
1.030558241445592681e-02 -6.392845963603066561e-03
-9.859607688587823313e-04 -8.267193286097947137e-04
-1.093082216120815683e-03 -1.079402720848885236e-02
-8.250777455097907430e-04 -1.166445824615451252e-02
-1.731590757491056898e-02 6.714830720817454093e-03
-7.767471495948486022e-03 6.946732943143490773e-05
2.362909523620303860e-05 8.114679723717196165e-06
6.054922173533464850e-05 -2.536782817526058954e-06
-5.858662759875724567e-03 5.032112809725333702e-02
5.821786495914290510e-02 -2.902466944604072119e-02
-7.181704875129847621e-03 7.254972785284663495e-02
6.123988670227758190e-03 4.421363187233462444e-02
-1.098134180427508544e-01 -2.577039458429326024e-01
1.707488655071021655e-01 -1.381433664798448983e-03
-1.589257728122033253e-01 8.083648496460557609e-02
-2.138047277718452543e-01 1.764847685913195352e-01
5.322612387174215212e-07 -6.837910163940445348e-07
4.909815653708325917e-07 -1.152845678812377331e-07
2.688498684164109732e-06 4.189384930316069749e-06
-2.138002343795970491e-05 2.774334940108331749e-05
1.217492022448300718e-06 -2.993784655307354543e-07
6.254873406433714240e-06 9.996413014913087651e-06
8.865522649844753342e-03 -1.149725045277177025e-02
9.865306408004903202e-03 -1.202207323055497559e-02
1.372197221027295826e-04 6.390845574175885093e-05
-2.527700559555966903e-04 -2.587688918612170803e-04
1.639989775090942961e-05 3.171747137206145468e-05
6.464016594294591240e-05 5.646975039360868474e-05
-5.518779514505284256e-02 4.621143096321427696e-02
2.276175722732931908e-02 -1.533682753163839903e-02
-7.768991087135543837e-04 -2.447695525400995706e-02
2.661671495620573230e-02 -3.727422200637869193e-02
1.016531613659030359e-01 -1.727607598002619260e-01
-2.427275913604370547e-02 1.278651233106007090e-01
-3.799404599040824837e-01 -2.133634960416214421e-01
-5.935611716032699325e-01 -1.177594397130350412e-01
1.796404881169361290e-12 -9.959824318711532197e-13
-1.510950851458596175e-08 7.047011801509280159e-09
1.223308802872349747e-09 1.087085843354335975e-09
3.690937638162167564e-11 -3.060061025819558732e-11
-3.988102952444494789e-04 1.613730157345046024e-04
2.948120396319384940e-05 3.485686364487075388e-05
-3.511572311779348893e-09 1.429194675923307835e-09
1.298057175733325280e-08 -4.024674963448366346e-09
-1.548430572957402128e-02 3.125655079312461733e-03
-6.520905254748431135e-03 -1.063900285218838783e-03
1.253026038769124162e-02 -2.603072254366370006e-02
1.243861774414933841e-03 -7.017285521411588227e-03
-2.183869191347147760e-05 -6.074673169033766142e-06
2.555700527587339427e-03 -7.673699241389836043e-04
-7.957344820869292771e-04 2.882683425687829204e-03
-2.034893033249036709e-07 2.507654934154488264e-07
1.298190724371282301e-01 -6.977095885547317244e-02
8.406157046109717645e-02 1.310621134211615024e-01
3.941316573537364393e-02 1.054336022076776264e-01
5.564465594247917229e-02 -3.575631816126306067e-02
1.320765474359119057e-09 -5.046540608475070265e-10
-5.544116049827505031e-08 -4.620748278257491744e-08
-2.532870626801248189e-09 6.764134113067069695e-09
-3.067373746891438841e-08 1.188518780680112750e-08
-2.869055892580171349e-05 -2.657731017392290932e-05
-1.731299757342044520e-06 3.780127185941547280e-06
-1.009570866128997027e-04 3.907604492176369309e-05
-1.137428358737107789e-04 4.010759095818685287e-05
-7.324839108375825331e-03 -9.872863433655846427e-03
-1.407844684057134614e-03 -4.945296530376066917e-03
1.112338562590341755e-08 1.090786583863781258e-07
1.282752862780519395e-07 3.846619273981554141e-07
-2.810154838598114490e-04 4.317013950639016559e-05
9.956856355672120268e-03 1.110645083325464445e-02
-1.647644613328382718e-02 2.823562238223264412e-03
-4.524251378870032536e-03 1.944847523589806476e-03
8.488674428043375964e-02 -7.288791665145212539e-02
9.493953272837800383e-02 7.994470909127805724e-02
-1.063561997951559118e-01 -1.270696714602736754e-01
1.459487097325686822e-01 7.197010811794710139e-02
-1.372351482323825788e-12 -6.044995339083515230e-14
2.571043500993302596e-09 -1.533685126117867391e-10
-6.850606009844686649e-11 -2.566676213898501652e-10
1.483706496292867891e-11 1.339564843989405707e-11
-1.900651013285251194e-06 1.093713908238485329e-08
6.079992774042801595e-08 1.913824696421839251e-07
-8.585640624952415743e-10 -1.026794693146131967e-09
3.764963223593019119e-09 3.405987839759658161e-09
1.322572832037128806e-03 2.402079919096767224e-04
4.820085519195084923e-04 2.894551101621746698e-04
7.089988391557103774e-03 -6.516695891695800831e-03
1.250390965144111861e-03 -2.019863171891757986e-03
-6.044738738957545796e-06 -4.515763917128896716e-06
-1.984972883999154905e-03 -1.732964459566141684e-04
1.348314943219591170e-03 -1.779965560754864090e-03
-8.625356650010405445e-08 3.548610557218824046e-08
4.450239301138549791e-02 1.518252646114275767e-02
-2.775480947704175860e-02 3.889712006237537600e-02
-2.449860693770391021e-02 -8.860234925606909340e-02
-2.777441498982442802e-02 6.140116096492501119e-02
8.860840677142726581e-13 2.520784011537380358e-13
1.401799983524243766e-12 1.556880204047902274e-12
3.567138845516725738e-12 -9.642437244876132978e-12
7.518519001120222254e-12 -5.013915100313475304e-12
2.768244011688077958e-10 3.181781531824845155e-10
-6.941113150392838002e-10 1.272011749438262033e-09
-7.785279587522291789e-10 2.593958537909021326e-10
1.707989830033540809e-09 -8.177023556115971050e-10
-8.559564041016066857e-09 -1.089763781613143450e-08
1.591692555630710802e-08 3.167295280565424929e-08
3.031731409393600691e-04 -4.112381389452188403e-03
-2.016960039553467531e-04 -9.970286146724891864e-04
-3.209425175801705336e-06 3.448498204591408825e-07
2.295421427624377524e-08 2.205450392072819685e-08
1.998215335395619471e-08 2.500896028540880007e-08
-2.837965667387369699e-08 4.292525568330159845e-08
1.277394748110842124e-02 -7.951570629512192193e-03
-2.006565458629686396e-03 2.272364699086278778e-02
-3.257498357567824993e-02 3.722031610011870134e-02
1.241108875927470455e-02 2.735619982200939836e-03
-4.619935506748479304e-01 4.930103890760910157e-01
4.903567281963341351e-01 1.208930546764576675e-01
-5.016930112529051355e-03 -5.092196723860015206e-02
3.396198436469390347e-01 -3.659665679847718955e-01
-1.559994148688863547e-01 -4.724190238364272404e-02
4.104522194693718817e-04 1.728924979371455201e-02
-6.354503341148412532e-02 6.843492660960147356e-02
-1.296813637356089219e-02 1.314385318588469527e-02
-1.954122027892179429e-03 -1.015753093275943274e-03
-6.146578200996215746e-04 -6.861285052148632588e-04
-4.365840470182410915e-07 -1.069274539418370265e-06
-1.926969281495745714e-06 -2.013472702160409562e-06
1.921909652822495354e-03 -1.330732938562843382e-03
-1.889730898992601337e-03 -7.696964639293763042e-04
1.857381950356075482e-03 -1.333994906359328974e-03
8.153985945027734751e-06 -9.387973487481183124e-06
8.415103181072459276e-03 -3.949456866570094822e-03
-8.497689413494269317e-03 -5.594713772551575086e-03
-9.442083920196027436e-03 9.340556792831068017e-04
7.852020764592128679e-03 3.889222694709757507e-03
-3.205614437787659421e-01 1.285571652899766479e-02
6.778292451774570182e-02 5.032769405677040009e-02
-2.452522757596689584e-01 7.963654002203864879e-01
-4.170501300748944429e-01 1.875415054987636387e-02
-9.925629784246228771e-03 -7.186118023918559861e-03
3.510613981543572737e-02 -1.100266013583221375e-01
8.105101638240042039e-02 -3.621279564483343566e-03
3.313836231014016115e-02 -4.753703611465882450e-04
9.576411936021531502e-05 3.522394420916467785e-04
8.317268098471650216e-05 -8.687339043289409469e-04
-5.258664023082987188e-07 1.263952501778501687e-06
-7.078383326391117715e-08 3.298243380159937454e-06
-2.746327119198668960e-03 -4.775675761377740753e-04
1.337930476985768787e-03 3.794813178614065557e-04
9.219489139736112204e-04 -8.305291024742531393e-04
4.506169121717031717e-04 -3.677016069144076687e-05
-9.796069119661082389e-03 2.314972801728917839e-03
6.335610481275087474e-04 2.537905307674898601e-03
-2.136998861056975049e-03 9.895160185161241441e-04
1.114587224373227679e-03 -2.438358466564926729e-03
9.098134859129407281e-03 1.091475884040740522e-02
-5.321891739458667336e-02 1.393924494752161736e-01
1.511231703202741555e-02 3.746568955136673562e-04
9.343885125890021015e-02 1.109954127095666016e-01
-1.823473485668799243e-01 4.115876102984197815e-01
4.752864113195317403e-02 4.733057190633334355e-03
3.494884611096759630e-01 4.153989244746376652e-01
3.784001168756545574e-01 4.784747313317788686e-01
-1.198472921062141011e-01 1.742995794343227267e-01
-7.264512552309809745e-02 5.050319818885821294e-02
5.961089281610827602e-05 -1.618978346744746701e-05
1.193622415959444492e-04 -8.875302915433904035e-05
5.792501223531987264e-02 1.105565615639803601e-01
-1.765900024173863801e-03 3.159608147684602342e-03
-1.944917151290737533e-03 -3.560447012396267177e-03
1.364800639039306929e-02 1.506199362038364298e-02
-5.393966033846026020e-02 -5.307349191633633362e-02
-4.187709057073425029e-02 5.336144037747488078e-02
-4.051168327216101393e-03 8.330844251553937846e-03
3.438337318803945386e-02 -2.223193632282378582e-02
-5.904051487716749369e-03 1.679127475905675205e-03
-1.019360312511422700e-02 -4.329852283974390363e-03
6.745014368164925327e-03 -1.091039920227162008e-01
4.218350504820402025e-02 -1.221881909555327592e-02
-7.756063567760164423e-02 -3.184956676539787285e-02
5.673291638842258011e-02 -7.881923010552805975e-01
3.422339559945731247e-01 -9.902380439207597584e-02
-3.467585337780653143e-01 8.903961831563279861e-02
-4.962738724514027810e-02 -9.030435364287492384e-02
3.475653988235176406e-02 2.438891941165027555e-01
1.213171623618163717e-05 -7.980248547770596142e-05
-4.341600507034279238e-05 -1.912957214500262835e-04
1.644204836736197495e-01 -1.067391683827617101e-02
-7.074742223245110949e-03 -2.795433633964895391e-04
-3.568994891770633712e-03 5.212297107084406730e-03
-1.375920710039109374e-02 4.535549066408833992e-03
1.661524654241850960e-02 -7.660099740208596748e-03
-3.861168667979475878e-03 -2.636387350341686236e-03
-3.808379441057820666e-03 -9.670347670326749981e-03
-7.189554124904837251e-03 -2.232478852150132989e-03
-6.720222924610691047e-12 4.269333948988927002e-11
4.902105857387977633e-02 -9.673406794830892441e-02
-1.089584827924398175e-02 -1.414702022910914372e-03
-8.230147895765646636e-11 -5.058455666012610463e-10
1.704942338345628583e-01 -2.968265065897648380e-01
-3.556943619733901607e-02 -7.343123275355393012e-03
1.513813384850922212e-08 -4.484060746026564136e-08
-4.492803782228433752e-08 3.150196624230050007e-08
-4.475738769711219422e-01 5.242313975758895461e-01
-2.525828842765653337e-01 1.390263976482569719e-01
1.101663793877450115e-01 5.013554829496836840e-01
5.953797055586456527e-02 1.117594014947335679e-01
3.735525836684295371e-04 -1.552208218904036028e-04
-4.437168168486686076e-02 6.293434873374406657e-02
-3.325072650052008499e-02 -7.963666313218720205e-02
2.408231477756563287e-06 3.207562554909906308e-07
-1.186622521170489081e-02 1.886711539254048303e-02
-1.511412912696169335e-02 7.536270886117221735e-02
1.629730124499845570e-02 -3.235551492051497169e-02
-6.520992481150815999e-03 6.256046003481847972e-02
-6.462952938859944227e-06 -1.074456169124960077e-05
-5.450594604955574796e-03 9.562670679616665573e-03
1.097533751091631093e-03 1.976034273629820781e-04
-2.080272483602073688e-02 -3.420715049199989782e-02
-1.801730264271240306e-02 2.808524864562140025e-02
3.428246234798566685e-03 8.848434510318733742e-04
-1.023398259919795911e-01 -1.683931363724655017e-01
3.052592886388494353e-02 5.383928459509530057e-02
4.025666865269141026e-02 -4.272241215375464918e-02
2.206401751242938886e-02 -1.077136547050131649e-02
2.954094598940546997e-04 -3.312591265485825473e-05
6.326495188097440740e-04 -3.326213649818970399e-04
1.940190795409442170e-01 5.677880442065248445e-01
-2.130274114669889196e-01 2.727284224476845265e-01
-1.317281247345239159e-01 -3.647945350313983037e-01
2.967275280290685435e-01 4.500866475230210217e-01
5.686558341569251940e-02 8.252066009845063221e-02
6.668795875319541433e-02 -6.204276712231913959e-02
1.645596853897258321e-02 -2.482117402474567566e-02
-4.712849083793338445e-02 7.209292870439593624e-03
-1.275930570772288094e-11 5.349975598247065739e-11
-2.048625513528819827e-03 -8.060583246920298948e-04
7.589181083403536430e-04 -2.171581198082980085e-02
-8.051365869175279514e-09 -1.030006952668294924e-10
-1.542199635151893407e-02 -5.854883469413149806e-03
7.001039987130988629e-03 -1.553149394570972341e-01
3.344886047756201201e-08 2.631947593565329770e-08
7.911942466060575824e-08 -1.727250257260877774e-07
9.359571718191501966e-02 1.599955239891667491e-01
-7.426177499697458884e-02 -4.368954487841288925e-01
1.698893495824475297e-01 -1.102367115263778730e-01
-5.425687282950741874e-01 6.160923131604304492e-01
5.524303854964578023e-04 6.826814083185568953e-04
-1.275589098437783786e-01 -1.600792663875247714e-03
-6.178123469210660551e-02 9.560375998280926102e-02
-4.908155640737902670e-08 2.935850087936983736e-07
3.808861083658923486e-05 -1.018963773922595181e-03
4.233385494721950029e-04 9.020488580518832558e-04
2.632281389795017214e-03 4.678732840503267688e-04
-3.068980474651567415e-03 -2.958384451788188558e-03
1.320983934144128987e-04 2.554278442053424683e-06
-1.157104867950461448e-03 -9.708422553959762582e-04
5.226145854319567095e-03 -1.396217187634021632e-02
-2.034058780660784674e-02 -2.945041887040686043e-04
-7.600643796312814976e-03 -6.222995517163087791e-03
3.333044379936625501e-02 -8.637496136019756632e-02
-1.117723498809014976e-01 -1.650661139555668769e-03
5.181279947975328537e-02 2.336870295365464298e-03
2.010774404601742976e-02 9.618817170749681400e-02
3.623767161124989700e-02 -2.321264810526796063e-01
6.935188633471316426e-05 -1.444380677030754475e-04
2.848859347462252275e-05 -3.812531756597906042e-04
3.117000310018175346e-01 7.350363436824194907e-02
5.627701701883760510e-01 1.964127728909911830e-01
4.156020170510105749e-01 -3.318848874527014492e-01
-4.051768036249026594e-01 8.906735639748678338e-03
2.347856459352925650e-03 7.299252323974115761e-03
-8.134614558669138809e-03 -1.933143921176250528e-03
-2.368046354301178366e-02 -3.585209567146444010e-02
1.053868025152833362e-04 -6.967015123822566797e-03
6.765722712048262760e-06 2.072626277120328942e-05
-1.389402746325186253e-04 1.509303327016561758e-04
1.910976783035983650e-05 8.172667580182761164e-06
7.054278832503009489e-05 2.125963926340010044e-04
4.470448772546541105e-02 -4.373217135920552667e-02
-5.889760743688866526e-03 -3.055819889112084721e-03
-2.431564430167258706e-02 -7.335166661900509311e-02
-2.405611772560950490e-02 -8.067592586052602099e-02
2.913250363810516649e-02 -1.946791161199513606e-02
1.427565168401850534e-02 -3.314702724426998523e-03
2.392235543722062317e-05 2.717948031859533578e-06
5.616788974970728066e-05 -1.461682006801188379e-05
5.014216707214294230e-03 4.838062466532974670e-02
-3.705094291583858196e-02 3.006537797171080634e-02
-6.429718634476041215e-03 -5.308799820187013602e-02
2.278069840711301197e-02 6.110373767802604328e-02
-2.221015645078775191e-01 -5.209589160107700456e-01
-4.303243852281212756e-01 2.256791926125391867e-01
-3.197021022233590380e-03 8.248491163025898493e-03
3.570916988700670869e-01 -1.398858583205845052e-01
-1.390846232567441758e-12 1.010471118813540107e-12
-6.855860470049364745e-05 1.348495736456754586e-04
1.519653346343642785e-05 1.993421862734924481e-06
-1.024331885743934876e-11 2.536512586092659162e-11
2.292807650918417608e-02 -3.979649476041738354e-02
-4.771207672839204023e-03 -9.915052638827406926e-04
3.470319480587079576e-10 -3.608615638564447806e-09
-4.581769466622767872e-09 1.588268989102107217e-09
-5.914623711049963456e-02 6.909303414867890014e-02
-3.335130693152917047e-02 1.830025024436416486e-02
1.478298332287370648e-02 6.769843494218209801e-02
8.017373071211000152e-03 1.509735631363218027e-02
5.051807486302366441e-05 -2.081168665643930689e-05
-1.043097028121406887e-02 1.475364281149541337e-02
-7.777304788174734321e-03 -1.869664237273149093e-02
8.365581844525884425e-07 9.842015561193842034e-08
9.900673688143730999e-02 -1.260378535018478741e-01
9.357400091504707029e-02 -4.939832832707075627e-01
-1.276948898996517756e-01 1.726827701025241413e-01
7.839946632166322482e-02 -4.020001104595362640e-01
-1.358543080323375398e-08 -1.405144486590499664e-07
1.310722666622839440e-05 -9.113514876802350514e-06
-1.313362989102172389e-06 -9.442393299412931472e-07
5.727306159790733414e-06 5.639331115973574769e-05
-6.506944128363774220e-03 4.036440346613906494e-03
6.225920628550345908e-04 5.220296733420751569e-04
-1.731210410644657121e-03 -1.709539766004337935e-02
-1.306733451173462766e-03 -1.847391760114463002e-02
1.093322809918420048e-02 -4.239736078722407091e-03
4.904639711592646487e-03 -4.406763837932157617e-05
3.754468292161981981e-05 1.299285374879146259e-05
9.561505578964072793e-05 -3.676102629039793558e-06
-9.278735055782690727e-03 7.969936864423604606e-02
-3.675636036103982485e-02 1.832650252534664265e-02
4.533039701978093701e-03 -4.580725370646967359e-02
9.703202139663335765e-03 7.002639223661945300e-02
-6.754050480077586349e-02 -2.693481541713595995e-01
-2.091637150012042590e-01 6.297499527741907965e-02
-7.437635317008629843e-02 4.065115041661621770e-02
8.182504856981011321e-02 9.898688641638987706e-02
-3.360700366621616961e-07 4.317459288959437899e-07
7.776596880940765313e-07 -1.825644303905972438e-07
4.258046093302897239e-06 6.635601116047682732e-06
1.349933747544380563e-05 -1.751716069213088851e-05
1.915651326219169322e-06 -4.774543091092740704e-07
9.903062397342130124e-06 1.575125286926457529e-05
-5.597687672783926288e-03 7.259364647179879053e-03
-6.228955625024645316e-03 7.590731272064083802e-03
2.173623254115883516e-04 1.013026052486847890e-04
-4.007797333806292620e-04 -4.100867686067978263e-04
-1.042392225503994713e-05 -2.000997228011608257e-05
-4.088771315846181968e-05 -3.558263504632683011e-05
3.484544063465379315e-02 -2.917805019708664960e-02
3.604941196467795206e-02 -2.428925297782825662e-02
-1.231804742254732259e-03 -3.876715980385365967e-02
-1.680576905386508765e-02 2.353458745577013261e-02
-1.206505792607569100e-01 2.057121803420215028e-02
1.040192165929077484e-01 -2.918405663969511621e-02
4.901968680881974572e-01 2.006469878973197313e-02
-5.845838176370462408e-02 3.729873444052309549e-03
-1.149008989558482565e-12 6.305126665184226438e-13
-2.393109721775036510e-08 1.117441239272775936e-08
1.834548697762025255e-09 1.911382106364244416e-09
-1.060822680988434313e-11 2.804499356739973092e-12
-6.316304816560947780e-04 2.555772056045950858e-04
4.670482464385642080e-05 5.519354357961231671e-05
7.786046228884607865e-11 2.891929535401580530e-09
-1.856026271338075463e-09 -4.783093224102477672e-09
-2.452368842539147040e-02 4.950531240581551411e-03
-1.032771346346462657e-02 -1.685459707130447776e-03
-7.911597058397692311e-03 1.643577883574277171e-02
-7.854095833924446381e-04 4.430767326413509455e-03
1.386892688332580837e-05 3.704976019659931454e-06
4.047438715946386802e-03 -1.215579789515897589e-03
-1.260339724364240976e-03 4.565287969423273765e-03
6.128663984168910792e-08 1.017528554579178712e-07
5.865576458041120433e-02 -5.690312649014096780e-02
2.019023447268382121e-01 -1.678839167011415279e-01
-1.085193588529477920e-01 1.673340806299560002e-01
1.568190143776846401e-01 -2.801919465282126653e-01
2.094422276117520379e-09 -7.994686628496722184e-10
3.500525816670496890e-08 2.917597113702158506e-08
1.593384876291484985e-09 -4.273575054699940271e-09
-4.865370293968950192e-08 1.884823195739866877e-08
1.811538205243509703e-05 1.678093514203125332e-05
1.093934752060053665e-06 -2.385893873510999313e-06
-1.598902544807894572e-04 6.188734740908377228e-05
-1.801670724968408176e-04 6.352800985420397923e-05
4.624905516473803296e-03 6.233736896666432215e-03
8.889266383615804538e-04 3.122458466846802800e-03
-6.201618426616819063e-09 2.190374652251329902e-07
1.129481465666411397e-07 5.449665143799811467e-07
-4.456035818542800173e-04 6.849459882035762424e-05
-6.286808672357986627e-03 -7.012402008113803077e-03
1.040313619097240315e-02 -1.782908285828028279e-03
-7.165237067753837778e-03 3.080909163033013903e-03
3.352437349205950393e-03 -1.173096809996810805e-02
7.192557816452306400e-03 -1.985497733552299693e-01
2.384405425701092707e-01 -2.135483695509150792e-02
-6.065375505116214067e-02 1.803535252008003076e-01
8.748630010717746332e-13 2.956336624384612181e-14
4.080614693738039983e-09 -2.335494077171995677e-10
-1.796118329936410545e-10 -3.541440130990705828e-10
-1.385050529070634332e-11 -2.264598895729140921e-12
-3.009592336135560525e-06 1.669025446827760626e-08
1.032374748285872552e-07 3.001557868192354658e-07
1.144635138075771670e-09 -3.223567957309949170e-10
-4.436607595397429869e-09 5.348085221080443145e-10
2.094655714948763774e-03 3.805045049173111284e-04
7.634559326893644495e-04 4.582546244421451345e-04
-4.476614318793281991e-03 4.114654711167998330e-03
-7.895413676770399051e-04 1.275348324365379324e-03
3.760597717456057066e-06 2.919868613421771749e-06
-3.143818126213410429e-03 -2.746271778519529983e-04
2.135449165705656429e-03 -2.819196698681287246e-03
1.272658248772953100e-07 3.871893270454042834e-08
-1.919139727491857642e-02 2.248527164269570680e-02
5.793377659888297726e-02 -5.150992235155921889e-02
1.184352025367429312e-01 4.244397191293039148e-03
-1.061868450638917272e-01 3.815759831357022624e-02
-5.658644403141873017e-13 -1.588062396067797254e-13
-2.440429217026781326e-12 -2.514764487388882184e-12
7.008027137210493996e-12 -1.328043813475382463e-11
3.975860987804195013e-12 6.100432184699760718e-13
8.716451126816806336e-11 4.616415557058194851e-11
-1.162686177107604569e-09 2.063703157017919006e-09
-1.202318618625343587e-09 4.194076602920435298e-10
2.784003139467631759e-09 -4.687939894435050213e-10
-1.519218901857692676e-08 -1.594209486139108374e-08
2.366063093197084406e-08 4.972391249883790653e-08
4.801551087105738677e-04 -6.513103609619875535e-03
-3.194427768828415003e-04 -1.579072574502915667e-03
-5.085178697275500162e-06 5.491769536781250581e-07
3.842210119954853545e-08 4.001906500265839976e-08
2.845499985328043269e-08 3.975698242178993342e-08
-4.375065531475814963e-08 5.019245241494506488e-08
2.378564635627531884e-02 -1.098719293215726610e-02
3.116803134401056712e-03 2.522461718596983454e-02
-6.040514475609575634e-02 -1.921035529296158742e-02
8.059771268003494693e-02 1.384953800188188679e-02
