-1.802236039560669578e-01 3.866646664909651476e-01
-6.705517421796948208e-01 4.424726017319414728e-01
4.363711841012789944e-03 3.036482595010961752e-02
-1.245368219294685358e-01 2.895986980451297210e-01
2.141629112947771030e-01 -1.451534244669432927e-01
2.314912026875381394e-03 -2.123260950606200084e-02
-2.456159932738791185e-02 5.360614160212936324e-02
-6.023649003103833874e-03 9.981726709817723489e-03
3.280297385065049018e-03 -1.869858498687804443e-03
-6.512244390767188288e-05 -1.844374380498098819e-04
9.475198375825870323e-07 1.698779061118375717e-06
-4.401541194697619249e-07 2.328521592103622834e-06
-1.154616532638568253e-03 9.194243062385775312e-04
-4.217436894638324657e-04 1.088232264746516660e-04
-2.742484900990267097e-03 3.981186476385076625e-03
-3.529092162311063916e-06 6.890375516093150585e-06
-7.998691752800978286e-03 1.287762978707826826e-03
-1.622287152174099311e-03 9.024233378629049548e-03
-1.207389321885589048e-02 3.489901797754271610e-04
-8.547223107973424966e-03 3.250143290700565658e-04
-5.061949126134349664e-01 4.404265757833440015e-02
-1.845972175293597584e-02 -8.148489044531609382e-03
3.991742806304018343e-01 -3.462756083062222268e-01
6.566769911035132967e-01 -7.706613488333187434e-02
6.024169816120389376e-03 3.312719235977895638e-04
-5.030445808663235041e-02 5.301370594250787160e-02
1.279360558070733733e-01 -1.197219594859273706e-02
5.247878387525570232e-02 1.050606683307376762e-03
2.306237633077938207e-05 2.057955037637626289e-05
-4.701210110374320840e-04 3.672054854033629089e-04
2.963242175785637093e-06 -5.001493038750015319e-06
6.753525751510432784e-06 -2.295539719600365161e-06
4.107438178212900748e-03 1.618452484461564657e-03
-9.981496461965656992e-04 6.144216477701361194e-04
3.160275606683006066e-05 -1.007430909212861598e-04
-7.144092567773132219e-04 4.713763352053201334e-05
-4.334189485152328478e-03 1.431639493232334491e-03
3.380122969013959946e-03 3.502045601682375435e-03
-5.663433042496997076e-03 1.515751720900688831e-03
2.358905235606857057e-03 4.267991364519842755e-03
-7.247095660641658839e-03 -5.289001700586837447e-03
9.001349830778901384e-02 2.196158108134319276e-01
9.050944324083069412e-03 4.670940474875128747e-04
7.558665464222578956e-02 5.175812651336974407e-02
2.791500485017389677e-01 6.577615080705194739e-01
5.630388925691139079e-02 1.759543196480284691e-02
-2.781814346456613629e-01 -2.002532152717871605e-01
-2.851444954709931312e-01 -2.589330279081681896e-01
1.153839697019094085e-01 3.438055490263091096e-01
1.858973712715016394e-02 -2.718399767773790540e-03
9.851482261110081800e-05 -3.291635085417042502e-05
1.188645098954238766e-04 4.774552462317442245e-05
3.626533094529255097e-02 6.996636907973645403e-02
-4.486796099435587186e-05 -7.717474808346422126e-04
-5.991788432133684367e-03 -6.137480648230760581e-03
1.020708506386234886e-02 7.780820720122036578e-03
4.270181425642914641e-02 -1.926262564127935797e-02
-2.832474512327487481e-02 -6.238101242609399820e-03
1.465814603026191661e-02 -3.340932239195293363e-02
4.044743177766809035e-03 -1.328297690207036648e-02
8.867833307054236516e-03 -3.983700079385101532e-03
-2.638534069275715044e-03 -2.122528051185729528e-04
3.449414670942963640e-02 -6.013136259725931909e-02
6.256307383278161827e-02 -3.039508501919494302e-02
-3.966834099937750074e-02 1.142785128145365307e-02
2.056150110369275585e-01 -4.558225971990937930e-01
-5.131873064004836005e-01 2.345715383131363463e-01
5.390355756726764591e-01 -1.758874475278248417e-01
8.055314734500433616e-03 3.346084662429760822e-03
-9.118134175097382388e-02 1.415539289965565550e-01
6.664639801911645682e-05 -3.380094031844963777e-04
3.336855153742496931e-04 -2.631259955146033279e-04
2.607461813361858227e-01 1.041674552052977362e-02
-3.769636947320945466e-03 4.626120954691232377e-03
-1.699716151844496423e-05 -5.368720145271463915e-04
-2.112009446512204056e-02 8.962510695910991948e-03
-5.764046901497025567e-03 7.736608694242354430e-03
6.467060507391945469e-03 -5.999494900601260632e-04
-1.745430745863445210e-02 1.015201639861446764e-02
1.027656565111955030e-02 4.478676406626843319e-03
3.810730857779763936e-10 8.168694623418314110e-11
5.383807716102822355e-02 4.279282448690947815e-02
2.354664556937983381e-03 -1.162694842278881330e-03
3.150748235300376369e-09 5.483580470120294007e-11
1.712237291061016742e-01 1.326724754572428111e-01
1.749902046065107686e-02 -3.680875956184327148e-03
2.528868196700645623e-07 6.790427010258581838e-09
-4.191176362671878192e-07 5.761024091717673967e-08
-3.489393949917362625e-01 -3.165562221436730717e-01
-1.935209640162351488e-02 1.487775513029839652e-02
-5.245317938103783995e-01 -6.441675695770466836e-01
-4.962820576909221515e-02 -9.279341979369207238e-02
-7.707221287195891845e-04 9.817903474471415502e-04
3.527595267486499653e-03 5.524096146386598197e-03
6.975232312813409163e-02 2.060810231611327065e-02
-1.447591139546341396e-06 1.586266860489967711e-06
-4.684429418100360953e-02 6.481534985773949875e-02
2.717258126169526822e-03 -5.677110042138996948e-02
1.754563902960007415e-02 -5.095844084116686601e-02
-1.161020103326705719e-03 9.641961799141195166e-03
7.304218008627017391e-06 3.053656342735340120e-06
1.022252411609624219e-02 1.421512699780623501e-02
6.574193223226581628e-04 -1.215995498519425002e-04
-2.360487041697389987e-02 -9.045744359483522470e-03
3.145190184015696916e-02 4.261363759741203239e-02
4.362157061281778450e-03 2.990136757905704134e-04
1.151015635691154254e-01 4.724146590219902020e-02
-3.424192364455857368e-02 -1.883062152995263264e-02
-5.331006117555410484e-02 -8.535991593840523695e-02
-4.843291372405499236e-03 1.933503745091021261e-03
4.241266719324146952e-04 -2.638547558573804274e-04
6.107309969757072606e-04 9.276625982379798751e-05
2.477157911535161350e-01 2.866436278970828644e-01
-2.130865323931999469e-02 -7.073188638004916651e-02
-6.933693355040734252e-01 -4.376289052428672943e-01
3.112729452684369624e-01 1.378113857566250766e-01
-5.147076117022029995e-02 4.322708219206396890e-02
3.887832302400470036e-02 2.313005173728690210e-03
-1.071625784002012798e-02 8.068024471504538220e-02
2.624497252257601901e-02 2.992666167726689558e-02
2.326141592085300242e-10 -8.582991155643143088e-11
-2.863075714117778339e-04 -1.288419780817518781e-03
3.371769547204391676e-02 7.606685685454465939e-03
-1.849216630634193204e-10 -1.579775616483553170e-08
-1.115483679085037608e-02 -1.704735513213447365e-02
2.448569913357720451e-01 3.072403412362765748e-02
2.261409702198874074e-07 -2.635193028558490539e-07
-4.189748620652683954e-07 1.792918850429130662e-07
3.722554194959298152e-03 -3.918453495066823861e-02
7.315711062449118396e-01 2.050874999384535435e-01
5.574167453685847234e-02 3.734170905701535842e-02
-3.755841547149418869e-01 -3.734509989461075041e-01
1.040947657637447557e-04 7.774013043535998781e-04
-2.499841047391352655e-01 -1.011939095084456730e-01
2.298087207393340742e-02 -7.885484997889965000e-03
-2.683450650480352212e-07 6.413477610179522254e-06
7.453055157317612159e-03 -1.113349498987775384e-03
1.231505680855549817e-02 -2.928632912572592603e-03
-3.500563610360411890e-03 -3.973711372957977649e-04
-6.191994011911120671e-03 -3.364686778809068430e-03
2.076710177247818043e-04 2.568797738830262632e-05
2.926496419906990149e-04 2.113897101959692315e-04
-8.275597724514976647e-03 4.571561945480437025e-03
3.207908285465724263e-02 2.993135555901609100e-03
4.667957547325483902e-03 1.265752567302702841e-03
-4.829438674808676779e-02 3.316469864450369287e-02
-1.758417553593284166e-01 -2.058774245326559088e-02
7.998350287302490036e-02 1.871704040114358439e-02
4.914553401265341591e-03 6.712945358872473081e-03
-1.443624120395145816e-01 7.031997282169760721e-02
-4.514728930368316212e-04 4.964728103941980089e-04
-8.179993478379057490e-04 1.013344169917148419e-04
-4.228101940565037187e-01 -2.801677774232845253e-01
-4.732602332679436974e-01 1.684509383154440543e-01
2.226055154645644255e-02 -3.939258208692041074e-02
6.352393177730440987e-01 9.207957541222522302e-02
1.424596659395211892e-02 -2.483483082471164491e-02
9.259653777814812192e-03 4.108648787630734406e-03
3.981425806136407175e-02 1.392893273475427802e-02
-2.419871769998231670e-02 1.700605899335932633e-02
1.376579976517607473e-05 -9.771333619370172854e-08
-2.791785234401185497e-04 -1.689688587682588148e-04
-1.038200571693616269e-05 6.891251402376845898e-06
-1.413329098893916229e-04 5.250574875914311703e-06
8.555139650955342900e-02 5.034316766513831365e-02
7.740158021872839932e-03 -2.691567500817003498e-03
-4.878814086469948630e-02 6.644333445500242262e-04
-5.289110327714157539e-02 -5.291254994373228299e-03
4.925648319854002144e-02 3.438582877009957461e-02
2.206514705940035292e-03 -2.195084776318167227e-03
-2.322387779336862950e-05 3.315622932887744731e-05
-4.876462026220786339e-05 1.240937392648981608e-05
-2.758602263897393103e-02 -1.349695666911098456e-02
6.528146103393236976e-03 7.818123672658159815e-03
1.116069025828227285e-01 1.800397452843068360e-02
-4.117464529649713517e-02 -5.647806575300166236e-04
-1.326893843235948389e-01 2.751162755122932291e-01
2.077353895506167114e-01 -5.825571138725288423e-02
1.067677258584786709e-01 2.778215284681306296e-01
4.733033418929781522e-02 1.016301423413142752e-01
3.601481599292618559e-11 -1.022084332908116798e-11
-9.400888750940782849e-05 -1.912902944563275661e-05
-2.191317553185780294e-06 2.934989166058885033e-06
3.355764752607938204e-10 -2.940758428231816575e-10
2.854929634361240073e-02 5.442266004890014032e-03
1.868373369673126090e-03 -1.505233233450117879e-03
5.229947511590560609e-08 -2.316086071506223269e-08
-7.481656638467015448e-08 4.158127659136684737e-08
-5.997914252684655861e-02 -1.633705828544102998e-02
-1.385040623665542746e-03 2.907852913673717246e-03
-1.025503057423958198e-01 -4.537377686023466583e-02
-1.165289225878443115e-02 -8.124254306438797105e-03
-3.231453000513400130e-05 1.650847948074250012e-04
1.325762678297191712e-03 7.787997575144733984e-04
1.677971493819444687e-02 -3.115226349109742870e-03
-1.093711722264007217e-06 1.052024294220380482e-06
9.271464073866092503e-02 -5.091607429389505279e-01
1.520729363714897475e-01 3.290044720744882412e-01
3.214140702031063196e-02 3.758949144615436055e-01
5.419115331297126407e-04 -2.692142645288598743e-02
-8.901532518991971015e-08 -4.687194629634477542e-09
2.090174295688241912e-05 1.442261819863320280e-05
8.383565169272832959e-07 -4.869392608464409312e-07
-3.578090569891171496e-05 -8.088121635930656415e-07
-1.008834468574607360e-02 -6.778469488780438507e-03
-9.656912278600481795e-04 2.723882928240853817e-04
-1.083773504096848493e-02 -5.001599857444477852e-04
-1.154522253975150646e-02 -1.856630925659981564e-03
1.576843088158472531e-02 1.247168650016814394e-02
7.810208575156830273e-04 -6.893526298344004096e-04
-4.151692084237680402e-05 5.232364897468792027e-05
-8.116752765352359370e-05 1.586097604019632166e-05
-4.409614315645325744e-02 -2.494267191708818970e-02
5.207406029432331065e-03 7.053058008319640186e-03
9.497256064204585846e-02 2.120482761926498552e-02
-4.452013411863605524e-02 -3.276443548036699766e-03
-1.391589353497831305e-01 1.402251197367078983e-01
5.219775183240660948e-02 2.841691935126898841e-02
1.113864559736739285e-01 3.482322720113490422e-01
2.355337449797587912e-01 2.007365143083826142e-03
-8.045454406279123697e-07 -3.219414470389956938e-07
-1.211877293034544859e-07 -1.475150508951495576e-07
4.847816612971394431e-06 -1.223093663678588774e-06
-3.289535139421163694e-05 -1.203074631854729462e-05
-8.424317428544736285e-07 -4.829697992540625579e-07
1.111191858893843580e-05 -3.965131204261470240e-06
-1.351415222933526582e-02 -5.306046493399291068e-03
-1.374014513287673961e-02 -7.284159024397714871e-03
7.540498580899627328e-06 1.895040615608924991e-05
-3.843497405686756405e-04 7.651349258344230121e-05
-7.986970873646601706e-05 5.164770377957114884e-05
-1.159450686958869801e-04 -1.577026510503139566e-05
-4.789458435495998895e-02 -5.373441732219522149e-02
-3.650405823682922879e-02 3.086922787297537683e-03
2.301641941123461384e-03 -2.364344495078246622e-03
4.215992715497701021e-02 1.790078095792375229e-02
-2.990324672715051202e-01 2.461637387449923109e-01
-1.636791819845899720e-01 5.113506135557643884e-02
-3.665701550255270891e-01 -2.650906841897000543e-01
3.468833860242773182e-01 -7.948500879775959038e-02
1.342947328487912751e-11 -3.247006076102097877e-12
-1.585166484456278481e-08 -5.448239685240440662e-09
-3.749436427101639421e-10 2.855805866428275156e-10
1.305920735322519366e-10 -9.493203261396750609e-11
-4.094908593752468926e-04 -1.350016823651371768e-04
-3.038866154161393312e-05 1.856656358291359837e-05
2.007174251812228808e-08 -7.083633358611883758e-09
-3.523352357030863983e-08 2.085098394359130893e-08
-1.577633252521858792e-02 -6.596213069446126877e-03
-4.815642102511480068e-04 7.437439721155649636e-04
-2.521775759654043894e-02 -1.534520039356043579e-02
-2.764105167975792338e-03 -2.518464600790690407e-03
-1.396371011704544754e-05 4.184512999297890218e-05
-2.836539819156612776e-04 -2.212805790695353736e-04
-3.985874353520892609e-03 2.134411022836751599e-04
-3.475416092595389027e-07 1.171338168025786228e-07
6.799169850471313559e-02 -2.545420096881155780e-01
6.423074742035494999e-02 1.893335101679964050e-01
1.024822849250806855e-01 1.218694088263040376e-01
5.636777205213629009e-04 -1.319794419889752379e-01
-1.059890618153970913e-09 9.411268059123268323e-10
7.138696332021755063e-08 -1.250777686811385358e-08
7.149503717092521978e-10 -2.573773425312677737e-09
-2.400503578736029681e-08 2.260860485408161827e-08
3.852014301550494657e-05 -7.241576967582631858e-06
1.604696232042961888e-06 -2.820754140792442771e-06
8.057105721761410844e-05 -7.229659145747601367e-05
9.831163599071097005e-05 -6.989867348450473801e-05
1.322956471834066047e-02 -1.438042291528068232e-03
4.842669284601057829e-05 -6.877845509378258376e-04
3.422718312778137356e-08 3.651709663071462604e-07
-3.356127739461401690e-07 4.123032140532724612e-07
-2.748347027835902254e-04 7.405229953204532764e-05
1.985402689854195730e-03 3.151676397252725246e-04
1.893132852383884110e-02 -1.181060115685211159e-02
-3.754078039487911307e-03 3.188214392094812760e-03
1.094576440314259415e-02 1.248713118819910900e-01
-7.442178471330931563e-03 -7.371495223113534723e-02
-1.021718281384982885e-01 -9.277086666108954813e-03
-2.552892333820165269e-02 1.802470875154505159e-01
-2.411174432722829056e-12 9.402272375307605205e-13
-1.872357484947835302e-09 -1.791531958616375362e-09
-1.145939788857750992e-10 8.474692061086778735e-11
-5.476634595309021840e-11 1.848130341667319523e-11
1.391492822019922580e-06 1.299883839714810012e-06
1.567872403833890654e-07 -2.317528780480632615e-08
-6.908575495423528501e-09 3.604261500620883611e-10
1.233617860175972363e-08 -4.059464864077868173e-09
-9.834546291063396475e-04 -1.072442711788774245e-03
-6.368757195200201065e-05 4.023772308193525771e-05
5.486890659862117547e-03 8.168161881293444643e-03
4.845125834974875630e-04 1.148452304492705248e-03
1.010226730415222602e-05 -1.069054180296067362e-05
-1.232146230979903217e-04 -2.384578397111998766e-04
-2.769036014371519926e-03 -1.103287251124714877e-03
3.020235712644621462e-07 -1.224579978728899642e-07
-2.976450517544310462e-02 7.789149461413177877e-02
9.733636083977297709e-03 -5.625407385608372640e-02
-1.758681794008804325e-02 -2.419262004043362321e-02
1.454092638503937107e-02 3.419624895795719127e-02
1.620082067362488616e-12 3.946279241658374453e-13
-5.501489911174122947e-12 -9.128856578172644758e-12
1.480970449368453657e-11 -1.639111824178392066e-12
1.250772273900614555e-11 3.314388216630157383e-12
-3.662179132669728338e-10 1.642487332175576327e-11
-2.298907276215376303e-09 9.939923466012864221e-10
2.790736268811540347e-09 2.402045612167747232e-09
-5.420622188676808678e-09 -3.037623507197936659e-09
1.870341791313691736e-09 -1.240708045817567561e-09
-2.433749582379631932e-08 -1.104609869846424669e-08
1.290092440210052283e-03 -4.011116513927425256e-03
2.574990759965118271e-04 -4.675075807436237987e-04
-6.255291841107715068e-06 -5.564552614140417841e-07
5.521735299069658128e-08 -4.537969875737737156e-08
-6.671221495403450919e-09 1.662453085228060161e-08
-7.499000511045855250e-08 -4.434079779840113750e-08
1.609754993879314311e-02 -1.109249150248347270e-02
-1.226488924219739339e-02 2.195189578044600201e-02
4.056294061634879711e-02 6.267513847260192117e-02
6.153181817297913303e-02 -2.748204965501415895e-02
-2.854347700074367222e-01 6.123922571998110520e-01
4.233865841201004399e-01 -2.793773396679632981e-01
-2.755251798882401432e-03 -1.917235915643699523e-02
-1.972390898551184546e-01 4.586609947191747638e-01
-1.352225306438873398e-01 9.164990656735758079e-02
-1.461599423800885936e-03 1.340632452647327541e-02
-3.890023393232004689e-02 8.490040714022008272e-02
-9.540122665502493229e-03 1.580886688221238082e-02
-2.071173728918528772e-03 1.180635235990308216e-03
4.113937004376616439e-05 1.164192963866234125e-04
1.507005584787545044e-06 2.687610044959841553e-06
-7.354473788023711259e-07 3.687676820219581912e-06
-1.828642296077543673e-03 1.456247508958935901e-03
2.663074182984628943e-04 -6.871138627738871026e-05
1.731563605479318575e-03 -2.513720568373894928e-03
-5.487686272607740379e-06 1.135950222179486307e-05
5.835266984648211468e-03 -4.656724913150781658e-03
-3.066811312275592987e-03 -4.739369863466623076e-03
8.903768759934451577e-03 -5.020166086075493472e-03
1.210126756485080043e-03 -2.645945058056993482e-04
3.196116290115794123e-01 -2.780854737186594719e-02
-2.923616360482036991e-02 -1.290542296799421923e-02
6.322047456124040288e-01 -5.484248258768502637e-01
-4.146260624510730297e-01 4.865958658839893147e-02
9.540985808716109795e-03 5.246497940801300719e-04
-7.967128925428461350e-02 8.396223220706008905e-02
-8.077878506475942577e-02 7.559261879232413717e-03
-3.313516695612491597e-02 -6.633236348056268522e-04
3.653726784832859228e-05 3.260937542951664308e-05
-7.445289164094797112e-04 5.815973467242962960e-04
-1.869712042688443948e-06 3.196349993865255358e-06
-4.267984346950836214e-06 1.518993045634375009e-06
-2.593442275852170156e-03 -1.021861379288752092e-03
-1.580797246252762644e-03 9.731471300243717476e-04
5.006370983552131996e-05 -1.595760487007390302e-04
4.511421853796492650e-04 -2.977975002863574003e-05
2.773156948603994112e-03 -9.731119399913033558e-04
-2.082922935298532272e-03 -2.332206376833807077e-03
3.551030936785659186e-03 -9.302145389122676300e-04
-1.555655743267016699e-03 -2.663732050684818140e-03
-1.147781433233716585e-02 -8.376621935105127773e-03
-5.683455086792340433e-02 -1.386654929442213413e-01
-5.714768825631419413e-03 -2.949220462012357418e-04
1.197127281983595831e-01 8.197355271840274515e-02
-1.762553960712115175e-01 -4.153108367537139967e-01
-3.555038425409107194e-02 -1.110950493676594875e-02
-4.405785877031686559e-01 -3.171572964909420422e-01
-4.516064616187497327e-01 -4.100933705823608943e-01
-7.285356568984494019e-02 -2.170790921262939210e-01
-1.173761728408713630e-02 1.716176187674624352e-03
1.560654522947512303e-04 -5.213016389877055638e-05
1.881870386741735430e-04 7.592490748589503723e-05
5.743600778530192491e-02 1.108102552284790376e-01
2.833021813728324218e-05 4.866848176680398617e-04
3.782962306434703090e-03 3.877510826487201839e-03
1.616501934641133287e-02 1.232331082271612144e-02
3.508205450769880107e-03 2.669384470006722423e-02
1.829805813910020604e-02 -3.463863019472256805e-02
2.482779016169820580e-02 3.724597533465125870e-02
6.892382004850103674e-03 -2.444149469074726605e-02
-5.599152799336824630e-03 2.515309449875891609e-03
-4.178861093157195360e-03 -3.361631196757766671e-04
5.463118448359770285e-02 -9.523492639605078691e-02
-3.950234469420128153e-02 1.919146769547071252e-02
-6.282612063572728944e-02 1.809932709736260595e-02
3.256497366761484380e-01 -7.219240876732783141e-01
3.240259521590857505e-01 -1.481083039117163658e-01
-3.403467406069818346e-01 1.110548748763606208e-01
1.275899749822585055e-02 5.299022313512027557e-03
-1.444124988021417422e-01 2.241925353567483792e-01
-4.132559308853278867e-05 2.135082636240277483e-04
-2.098868841879084936e-04 1.690017501678217453e-04
-1.646347382448707097e-01 -6.576745196694366684e-03
-5.966911753422485948e-03 7.326681485066969049e-03
-2.604293484488101327e-05 -8.512389700663684170e-04
1.333551092442072407e-02 -5.660057352257167468e-03
3.715365530179345725e-03 -5.384902436708857015e-03
-4.027690355586095727e-03 -4.689766840364925052e-04
1.092599310958788060e-02 -6.193280725517450597e-03
-6.826770080219475394e-03 -2.497165632047259991e-03
-2.395261830609014562e-10 -5.100166262202800236e-11
8.526773821804889408e-02 6.777447429755094344e-02
3.729273215119904492e-03 -1.841452945325752072e-03
-2.225382294235136289e-09 -1.695814511436551531e-10
2.711809129675269991e-01 2.101242145163773889e-01
2.771468027469862691e-02 -5.830123641868504084e-03
-1.737109235987316691e-07 1.755486487013836991e-07
2.603710117531700594e-07 -2.872440671080621400e-07
-5.526438814035886660e-01 -5.013559106773265439e-01
-3.064482885692486336e-02 2.355946081738491404e-02
3.311895640488061732e-01 4.067275824157978170e-01
3.133522926315391449e-02 5.858996428262622930e-02
4.850332641637771728e-04 -6.206607248477037609e-04
5.586265075693929404e-03 8.744916187303433328e-03
1.104731197560763489e-01 3.263922310062279675e-02
-5.840017025943367931e-06 3.116147954689252948e-06
-6.099453327673765024e-02 -1.270843313220214321e-02
-3.095868202476527442e-02 2.141680475312739607e-04
-2.136994302736461987e-02 7.717054405235195327e-03
-3.045502382563677890e-02 -7.142546226419366207e-02
1.156832296617141357e-05 4.836417281437563968e-06
-6.454505211825752389e-03 -8.975435714479836763e-03
-4.150940603027667070e-04 7.677723114587842537e-05
-3.738494773190979142e-02 -1.432647817837600160e-02
-1.985877996317832531e-02 -2.690627111470456079e-02
-2.754007966555132095e-03 -1.889035712617956298e-04
1.822953505288869291e-01 7.482025930592579865e-02
-5.423115974411409773e-02 -2.982376705204201409e-02
3.365920850786848634e-02 5.389532489456839992e-02
3.060434623021636782e-03 -1.220044135529533115e-03
6.716422860083082549e-04 -4.177046790548246021e-04
9.663137676493888280e-04 1.424532477472286156e-04
3.923190401689211071e-01 4.539845388864149345e-01
1.346491376643995687e-02 4.465579052400751869e-02
4.378045446176483391e-01 2.763587303797748196e-01
4.929027526703776418e-01 2.182845084534080771e-01
-1.346882651268770624e-02 -3.639769458258784035e-02
-1.281409079669797169e-02 5.539515559260389799e-02
-5.041912381665258902e-02 -5.528144241061246078e-02
-1.277644856269562895e-02 5.790401237776535148e-02
-1.473860592531370430e-10 5.687677894244756162e-11
1.807744111994117340e-04 8.135088853443527392e-04
-2.128935879850473931e-02 -4.802861723168952088e-03
-5.571269970914358423e-09 -7.234159967866746528e-09
7.043196350509194417e-03 1.076367706540493421e-02
-1.546027192797414795e-01 -1.939871311171075668e-02
-2.693959497001589026e-07 -5.508491979291732639e-07
3.891013097910685743e-07 1.034528800416377549e-06
-2.350428509647364567e-03 2.474089853239793899e-02
-4.619145393716430070e-01 -1.294816250519348899e-01
8.828401810809535788e-02 5.914473896809743780e-02
-5.948579683260079021e-01 -5.914550011767798487e-01
1.666177989465480601e-04 1.234803872484657684e-03
1.578407431084228318e-01 6.388994525667467117e-02
-1.451287224024454259e-02 4.979259792486262146e-03
-5.141508840045307912e-07 -1.180728334679986037e-06
-4.705900188888734355e-03 7.030304056761303797e-04
-7.775729065044167422e-03 1.849071809344610086e-03
2.210163897238796513e-03 2.509504649166501011e-04
3.909504975102479074e-03 2.124398926148373702e-03
-1.311235467963102138e-04 -1.621939647596221091e-05
4.634914549915362123e-04 3.347929061441396923e-04
-1.310674098247109273e-02 7.240374206642121759e-03
-2.025474726819086538e-02 -1.889867572852875531e-03
7.392957510926485495e-03 2.004689163319487745e-03
-7.648776701668913436e-02 5.252541578270372019e-02
1.110264384360291207e-01 1.299913668491610094e-02
-5.050130335350255101e-02 -1.181790390245953705e-02
7.781795598280525153e-03 1.063152133921835794e-02
-2.286415956566897334e-01 1.113670975294204918e-01
2.840698592030436401e-04 -3.106060706881794858e-04
5.160669538837349413e-04 -6.410230612331433710e-05
2.669580314024035950e-01 1.769013112454939363e-01
-7.495677625740154726e-01 2.667943466325093382e-01
3.521796733412154573e-02 -6.244123128100859121e-02
-4.010691990065735069e-01 -5.813250683968673033e-02
1.161837890362163103e-02 -8.994966879576208815e-03
2.512755152078161372e-02 -4.684085964885739695e-02
-3.742893284659703362e-02 -1.395767817345341542e-04
-1.400510282068562727e-02 -3.916835269695176369e-03
2.180202314064669556e-05 -1.547500319216655357e-07
1.762734010414197295e-04 1.066869928978575211e-04
6.555201406016499944e-06 -4.351293323793792459e-06
-2.238399659411129941e-04 8.315564979853761531e-06
-5.401717432625240123e-02 -3.178669616659077213e-02
-4.887140821397209685e-03 1.699510137782474445e-03
-7.726968647544479873e-02 1.052267786333858663e-03
-8.376804472881409225e-02 -8.380127128683604806e-03
-3.110046480862541443e-02 -2.171117003636423293e-02
-1.393570282705343085e-03 1.385879897473949341e-03
-3.679516652003222217e-05 5.246132294974822701e-05
-7.675273775269453324e-05 2.041521909304317022e-05
-4.368887514823947132e-02 -2.137760587176134458e-02
-4.122810671233727645e-03 -4.936267709554346961e-03
-7.047141209716351051e-02 -1.137116595217414240e-02
-6.520339901728969267e-02 -9.012097358319334003e-04
-1.579933193312965944e-01 -1.453323012025553862e-01
3.286302288604805999e-02 2.964390504899945822e-01
-2.772741900823605943e-01 -1.252116778809834186e-01
2.707322794832509386e-02 1.654577133598977012e-01
-2.258041177815091566e-11 6.436950973320063333e-12
-1.488894942364533350e-04 -3.029611594729464196e-05
-3.470425991155904669e-06 4.649168627043026847e-06
-1.460904251260050587e-10 3.058466473326605762e-10
4.521583815373236143e-02 8.619365428431663770e-03
2.959067365485784987e-03 -2.384039522799334329e-03
-2.016188090313148302e-08 5.400860877506101916e-08
3.128128788419237148e-08 -8.006781900206706933e-08
-9.499388370232945966e-02 -2.587432357908186001e-02
-2.193202340019377236e-03 4.604394216098596851e-03
6.475031705199935095e-02 2.864904515327083498e-02
7.357511650737400336e-03 5.129382710878633775e-03
2.048273296649906751e-05 -1.038401770200242445e-04
2.100172936640439230e-03 1.234306819179188794e-03
2.657529036804284067e-02 -4.933822933743031713e-03
-5.604834296843375037e-07 5.108866537959690624e-07
4.085925545084675425e-01 -1.098557980263133171e-01
1.874552056131851274e-01 -9.549099941758583399e-02
1.145433817594365966e-01 -9.620606665504637112e-02
3.902014153981521738e-01 3.337719827343323398e-01
-1.409817542549370043e-07 -7.429854358380668969e-09
-1.319737786750706899e-05 -9.106447253702928881e-06
-5.292472236392491372e-07 3.073764838075348389e-07
-5.666882025145552346e-05 -1.281188205127626054e-06
6.369789524903788670e-03 4.279927024595825587e-03
6.097248409393311560e-04 -1.719613598478763933e-04
-1.716455379309292026e-02 -7.921742741588154229e-04
-1.828516767373042015e-02 -2.940450451195372131e-03
-9.956050118932720586e-03 -7.874547105542936340e-03
-4.934656525063359700e-04 4.352083276403778526e-04
-6.575134455450016679e-05 8.284093675920636433e-05
-1.282070233407397693e-04 2.562955389849281188e-05
-6.983757199386762815e-02 -3.950452124383317665e-02
-3.288616017082432105e-03 -4.453158756883092255e-03
-5.996862244268978681e-02 -1.339283999226045276e-02
-7.050201644042244919e-02 -5.194942343756447922e-03
-4.151341120181831906e-02 -9.665369213823847561e-02
5.794073743985163338e-02 2.094539578402106472e-01
-1.518343180634808831e-01 -1.076876570597534166e-01
2.035181908388445857e-02 4.074609776432759900e-01
5.079901865378145943e-07 2.032738196085130249e-07
-1.919060046620856186e-07 -2.336662511922621655e-07
7.678072714031847733e-06 -1.936618867755900414e-06
2.077014186667977997e-05 7.596188797149208372e-06
-1.340668470196931675e-06 -7.667384512354294606e-07
1.758758676847366277e-05 -6.333890462469870308e-06
8.532847168708064534e-03 3.350235141952935970e-03
8.675536164391168398e-03 4.599237148746066622e-03
1.170615574363570830e-05 2.990860582812512265e-05
-6.089843395226184845e-04 1.205613749941936017e-04
5.028668623140399632e-05 -3.246229915286446947e-05
7.329061795129607497e-05 9.591383637568646272e-06
3.024030235809547704e-02 3.392794780599622112e-02
-5.781766641281658320e-02 4.889676452802734462e-03
3.643613897406517126e-03 -3.749398758260881741e-03
-2.661855507399481582e-02 -1.130168222293325905e-02
-2.107166435451300612e-01 1.281598031973343321e-01
-5.248421283368317480e-01 4.994857160060394707e-01
4.461493107135494074e-01 8.753612254005742332e-02
2.389883939551300795e-01 6.336723825798658283e-02
-8.453037779296715804e-12 2.034249249732143440e-12
-2.507993239591146316e-08 -8.612868057414452502e-09
-5.937837240008121828e-10 7.296523570524229775e-10
-5.027167767575796682e-11 7.225288363521259385e-11
-6.485432213527054937e-04 -2.138103653738064743e-04
-4.813427445064872087e-05 2.937623524068741127e-05
-6.912929075339026329e-09 9.026728921590838364e-09
8.618306301567244061e-09 -1.981056009814577365e-08
-2.498627698050198687e-02 -1.044696283474739855e-02
-7.625189497013681178e-04 1.177607874243346989e-03
1.592250089541346128e-02 9.688973271407250870e-03
1.745298632226695203e-03 1.590100151392391786e-03
8.988256182702036642e-06 -2.643720678024522063e-05
-4.490224015795773560e-04 -3.498835663961143063e-04
-6.312871986580058381e-03 3.379987107456822507e-04
1.909037402803060025e-07 -4.160754577567508704e-07
1.768832216517549349e-01 -4.662011639657600431e-02
1.003424768158154151e-01 -1.557443260969021935e-02
8.510373814458704889e-02 -3.309127470320417236e-02
2.639642497261330822e-01 1.820608829826186881e-01
-1.677374034971119871e-09 1.483992162556871591e-09
-4.507375862679614169e-08 7.896532404147554074e-09
-4.310623764144736161e-10 1.635076124948710985e-09
-3.795770268630643956e-08 3.568466438642097376e-08
-2.432142485493375168e-05 4.572477138635913929e-06
-1.015922686344161990e-06 1.781384626341527846e-06
1.276125481630416346e-04 -1.145136841033584133e-04
1.556857377973919990e-04 -1.106730112713218503e-04
-8.353147870412953521e-03 9.079826763607252342e-04
-3.062898392592653903e-05 4.342937483778354347e-04
4.813603493500071949e-08 5.787634784866836837e-07
-3.858406987822452072e-07 6.729098220414608842e-07
-4.350935754764639028e-04 1.168732719598969622e-04
-1.253654820953401493e-03 -1.986827476051336355e-04
-1.195380005071710119e-02 7.457116504771687734e-03
-5.945569183466846257e-03 5.047569686926121034e-03
-1.009664719951972392e-02 -4.100707295990057427e-02
5.271619688283782357e-02 5.223739171644754820e-02
-1.936131478782090326e-02 -1.220501182859510050e-02
-2.720164889449013246e-01 -1.215285813363299189e-01
1.526359871096406956e-12 -5.951680142440681559e-13
-2.962155314010499203e-09 -2.835623126183638318e-09
-1.322533722326907824e-10 3.223048172376843873e-11
4.438183821458129509e-11 -1.519136703267681247e-11
2.205198761419330574e-06 2.058368950554198706e-06
2.452892624409836871e-07 -2.490795729830381492e-08
6.597589854388941455e-09 -9.230907869453342542e-10
-1.214129461426595945e-08 3.500567525768573291e-09
-1.557573647251344132e-03 -1.698512535113690667e-03
-1.009816829279457762e-04 6.381505070629266477e-05
-3.464421925931427532e-03 -5.157382484521255001e-03
-3.059318275554844891e-04 -7.250989549670399910e-04
-6.313628037107569746e-06 6.734060181130847014e-06
-1.951257442580912318e-04 -3.779808100114448368e-04
-4.385486062148793128e-03 -1.747323176276081901e-03
3.052155618925520947e-08 -5.713794292735213168e-08
-1.187006119670545173e-02 -5.103996147637478858e-02
-3.764984710688745045e-02 4.007625903785240473e-02
-6.315409206649340128e-03 1.212100692074131666e-02
-8.997832546949526000e-02 -9.145919816422132254e-02
-1.015495548121394797e-12 -2.679843218672694721e-13
2.546187798348003207e-12 4.785977035704902633e-12
2.428332145453824121e-11 -9.915123368464731730e-12
1.927627164721344335e-11 1.224456463163853672e-11
6.514795520015352039e-10 1.736206828215254211e-10
-3.599532018809613666e-09 1.724958638502687232e-09
4.432518381429393465e-09 3.706477407336597590e-09
-7.275571018828733270e-09 -5.091612551348269599e-09
-1.393697641745603267e-09 2.982443863006190366e-09
-3.838428960612929697e-08 -1.260755451293806074e-08
2.043225607843477884e-03 -6.352734142818353136e-03
4.078229557006537737e-04 -7.404293948925031593e-04
-9.910219589551943836e-06 -8.796917754991623833e-07
9.099733909029281521e-08 -7.679781111181410605e-08
4.384857182337499443e-09 2.052613922301837115e-08
-9.346623089997279613e-08 -8.311313889603844422e-08
2.977316858356722495e-02 -2.941978053487181305e-02
-1.559354245701139591e-02 2.535799961553588874e-02
-2.667634994833602106e-03 5.209047824159963001e-03
-1.959250337747779278e-02 8.261014221032328408e-02
