-4.602692232431694896e-01 2.327307013836728833e-01
-6.350626270529816653e-01 -4.641720812260413109e-01
-1.223784990371184350e-01 6.181164985258188332e-02
2.897857196437885197e-01 8.237147866002952901e-02
-2.388496820225327990e-11 3.466905716208018613e-11
7.866257833475960972e-04 -3.839204816888556831e-04
-7.934038297633514033e-11 6.685767776048299666e-11
1.768199514851839446e-02 2.194841877745177389e-02
1.339900492018510081e-02 -6.629581768338347648e-03
1.696559156417660615e-11 5.647777784203069324e-11
-3.768286971311023614e-04 4.382197181684790587e-04
-8.114669089648021347e-03 -1.711656663604902134e-03
-3.386143710957143133e-10 -1.299929761669724496e-10
1.263664512801417170e-04 -6.553508942040120705e-05
2.670002059667710027e-10 -4.111763487355092071e-10
-8.301130590431382751e-10 -2.695916218545689973e-10
8.017474041907533128e-03 -1.776733553220966044e-02
1.474024635867539346e-01 -6.731946869253521704e-02
-2.996834228020813992e-02 6.633397004262765739e-02
3.017247735874236669e-01 -3.000652366994905340e-01
-3.995215718291590667e-02 -3.563871696327043648e-02
-1.647723867361998440e-02 3.518307515115024625e-02
4.084758711285732535e-01 -7.093248073850574320e-01
-2.487343020694208207e-01 4.191509306287104220e-02
2.981406802811729234e-03 -6.456847367573845427e-03
-4.745543857628614463e-03 -2.701248289030953962e-03
-1.039486570924324826e-04 3.302760134847515169e-03
6.243613711796456266e-03 -7.131714722058389577e-03
1.126439297781803428e-05 9.982851314059274474e-06
5.881486895938346928e-05 -1.339884869323754754e-04
-1.259599779915863946e-05 6.183025003563746262e-06
-1.277695617350845079e-09 1.014473910398741130e-09
-1.389468262058748682e-01 -1.330752971946300711e-01
1.450939110767444527e-03 1.635374525768878637e-02
5.186389457005901038e-01 4.971620236743115040e-01
1.846939848368932963e-02 3.895663389840323815e-02
-4.631078528814114303e-01 2.544865420497853803e-01
2.731664196287239554e-01 2.691092185173148965e-01
5.395517317309649064e-02 6.297830305922587357e-02
4.398681623591613014e-03 -2.517464646462448663e-02
-5.027180822557063278e-02 -4.899164549105786831e-02
-4.075300579959580810e-02 3.526949779443792898e-02
3.039124982008903353e-02 1.183621685849639560e-02
4.702991255356624091e-04 8.372932853883025299e-04
1.299747848540586559e-04 -7.197062856460500503e-05
-1.053265703363528072e-03 -9.882080082917309855e-04
1.611005556764359892e-05 1.375340144987819238e-04
-3.400372102202734162e-10 8.701713946590855910e-11
-5.736532881995153738e-02 2.865729049306955586e-02
1.385456349302320589e-01 1.022999356634237550e-01
2.107562041700296318e-01 -1.051685825644017580e-01
3.483603749246056980e-01 1.008521702729854169e-01
-7.295033944360714168e-10 2.176005940422448918e-09
-4.235959442226760463e-01 2.041992255555944158e-01
1.867727244882096314e-09 -1.021539686522678738e-09
4.552916090021913442e-01 5.707988140211683881e-01
-2.321658783755491812e-02 1.134713666687986976e-02
-7.104455526544574207e-11 3.146874524351697718e-10
-2.559969684796268088e-02 2.947947418317974078e-02
-5.512940294439570843e-02 -1.190855499950797813e-02
1.676229083045441043e-10 -4.387980276884935121e-11
4.960286276397773107e-04 -2.541968463163811693e-04
8.053560898388260836e-10 -4.057626669276920435e-11
1.489956733666872841e-10 -2.459124900035169232e-10
-8.743548427440289239e-05 1.877108481251440661e-04
-6.259204325888943635e-04 3.264579689101393986e-04
-3.055203887029411119e-03 6.551500836287239143e-03
6.489779330312163419e-02 -7.167409122822090972e-02
-4.106181607991622740e-03 -3.752474233880363861e-03
-1.686279266575503371e-03 3.490745839500963930e-03
8.339302384961880255e-02 -1.641092980489387843e-01
-4.805705875095863527e-02 1.071011898030869297e-02
-3.069358049105001124e-02 6.442654451383872383e-02
4.709719602542952743e-02 2.756348122545551615e-02
2.267950500849788640e-03 -5.212123444841199049e-02
4.350903728300395293e-04 -5.529421992172738141e-04
9.465939536642358626e-03 8.594680014031626930e-03
1.077825307434271754e-03 -2.377484804773450158e-03
3.072840547022449658e-04 -1.463273177690731501e-04
1.732960717072514260e-08 -9.844553295459504395e-09
1.423069429591905348e-03 1.335610128307852286e-03
-1.215199310596649228e-05 -7.390861975201611610e-05
4.965771744960986028e-02 4.664711563209527484e-02
5.072360399736482346e-03 8.917200863634759320e-03
-4.568835695462909047e-02 2.571147412065284341e-02
2.628645607769674805e-02 2.537741394258402616e-02
1.377569468504111737e-02 1.384596012223096063e-02
5.138254936233882389e-04 -5.198823273545463176e-03
4.864153630855921340e-01 4.645328506143561742e-01
3.854749641625596634e-01 -3.404849499755315811e-01
-4.599603771079008863e-01 -1.738013029472644522e-01
4.113349039848394065e-05 6.167879543556413773e-05
1.048247876766580378e-01 -5.943687075324563529e-02
-1.811135876373730011e-02 -1.665159245459075371e-02
-4.052363723228853665e-04 -3.181910819025763476e-03
3.492666096740502752e-09 -1.019295442078146106e-07
2.820922076169566218e-04 -1.410228522573503103e-04
-7.081062454819270083e-04 -5.225378686113411669e-04
2.073107330228583095e-02 -1.035240923325224383e-02
7.431178699998239323e-02 2.149035480172845763e-02
-4.562446457612865574e-09 4.588489857341516391e-08
-5.481143368472882194e-02 2.644203022667563491e-02
2.110648409342642313e-08 -1.293035769080069662e-08
6.580654530228717547e-02 8.245268436405242540e-02
2.105710626137682062e-01 -1.029922555081581453e-01
-5.041177744049757187e-08 -4.484771766355555841e-07
2.039747964833086014e-01 -2.350259523402160600e-01
6.008832373857359022e-01 1.296152298982960471e-01
4.925972625840727710e-08 -1.883639050538793468e-07
4.286859167838769774e-02 -2.198435680540087103e-02
3.977102851315286994e-08 -3.712648728568975146e-08
-3.417791913779899986e-08 -2.095695197213537376e-08
-4.512649278129841375e-05 2.429617923583683102e-05
2.429537720973704029e-04 1.681573654157934861e-04
-1.884874350251297334e-02 1.013732811079501306e-02
6.188555209487772019e-02 1.588150938000694457e-02
-6.594597173713450305e-09 8.079280362419466681e-09
-1.393629354313828499e-02 7.251643090907030492e-03
-1.085974328787235286e-08 8.876349322912168477e-09
2.603660341020917757e-02 3.066853458203930641e-02
-1.856657426570297864e-01 9.789104844235470282e-02
4.720990880089792897e-08 -8.944323274248900104e-08
-1.743071835763672084e-01 2.135865108795403644e-01
-5.322423973519000429e-01 -9.803278732634827797e-02
-3.657579666570844268e-08 1.069139264632518181e-07
-3.863070150519529178e-02 2.131347193232789594e-02
-9.695629057704584531e-08 8.104780315746135920e-08
5.887513921525320469e-08 5.387865526850922735e-08
2.558978167805576167e-07 1.034714083659695061e-06
4.053599182530460026e-07 -3.184385483460865036e-07
3.104670273263373539e-04 1.256240938337520796e-03
1.523880679987860316e-03 -2.482631813666002964e-03
4.259214797473934860e-03 2.634202315208033921e-04
-5.888828870324799023e-04 -2.530572098138565013e-03
-1.424946021678997164e-02 4.866474107289243956e-02
1.109952725732813242e-02 -4.752891329704096030e-03
3.532611959601980513e-03 1.481727645481899919e-02
-4.071171677311383880e-02 6.117608458928299082e-03
1.805898858067207097e-02 2.450151336616599590e-02
9.694207077103315527e-04 -1.855489906183453892e-03
1.785407919580594416e-01 1.046452290761204842e-02
-7.824858229229617046e-02 -3.026422332061433074e-01
-3.969858389951290423e-02 8.267910057593527706e-02
-1.577209960596138863e-07 1.409402480881711433e-07
-1.446514976826778217e-06 -2.097656531411223717e-06
1.116521981353087386e-07 -1.847516611387910601e-07
-1.755131522332955153e-03 -2.547728662613002633e-03
2.295999511530530293e-04 -1.196599572987367636e-03
-9.749207727739383697e-03 3.006953582334651997e-03
3.453797243265708996e-03 5.163068058605317472e-03
1.612533476885829199e-03 2.114830546466083330e-02
3.641401251668240774e-03 -3.499470602528010742e-03
-2.041235027368270422e-02 -3.015955481484091510e-02
8.589666586510252833e-02 -4.805744466783594404e-02
-6.108062306872925895e-02 -3.955620203436426008e-02
1.054846326282470921e-04 -8.693724812967560138e-04
-4.081860149956169082e-01 1.273404296381346612e-01
4.305513893459251840e-01 6.108657277169504685e-01
1.898651582233788770e-02 -2.184498326470935836e-01
5.322838606637488599e-07 2.616644156066828516e-07
-3.601973502719686257e-11 8.746079548738100888e-11
-1.812970376123977371e-10 7.842847878284092947e-10
1.239817876216415560e-07 1.039398834375491911e-07
1.689731689932945609e-07 1.097992127917135763e-06
-2.343543088734897591e-04 2.160450827922317033e-03
4.497182419676819744e-06 3.686889132183334540e-06
-1.618231420104881621e-02 6.146010625452536479e-03
4.206021416475577468e-06 -8.439259512984062883e-06
-3.656082038141897805e-06 -2.914095928510945759e-06
-2.202497423293988277e-03 -2.133553598672532220e-02
-4.390480737007828915e-05 -1.261792280809875607e-05
-2.093842361841695117e-05 -9.264213097459724139e-05
-9.330195076802497850e-03 8.868096172167486135e-02
6.064954313484348822e-06 4.171150182305675447e-06
1.577170577683331132e-01 8.491681808892062588e-02
9.835861506072836324e-02 -8.170938907148822539e-02
-3.963543500287341580e-10 4.778640021263440852e-11
-1.098828258138459110e-09 1.812398214784125585e-09
1.909604567001080652e-07 3.627719429143878051e-07
-5.881386132020371794e-07 2.614251164427388248e-06
3.277462902571048366e-03 -8.176571298188285361e-03
6.794629717908017031e-06 1.215044416687973951e-05
-4.252988893164400160e-03 3.828606211402878624e-04
1.681513655409905329e-05 -1.520621342169889924e-05
-5.552010565959399122e-06 -9.476684312143041940e-06
-1.473599200531064413e-02 8.568749613860845993e-02
-8.664826416229139410e-05 -6.644883109474926603e-05
3.443476514595695187e-05 -2.259147527214654453e-04
1.334026114234080074e-01 -3.359435590205666622e-01
6.161322387258464257e-06 9.050310431978198352e-06
-5.227502773604894015e-01 -5.039606801000772185e-01
-4.732939587674678261e-01 2.113643518188290660e-01
-3.866891173881717509e-07 3.126635472285947083e-07
1.738787908059509308e-06 7.743470472068354175e-07
2.607641977956312996e-04 -2.108702841337241091e-04
2.247288920840677211e-03 1.455750590631797227e-04
9.198683721749319482e-06 1.972975978642343515e-06
9.169665798520720487e-03 -7.209714422603375784e-03
-2.526646018241277697e-06 -1.338309214752545035e-05
-1.478846240876746480e-02 -1.196826571797462470e-02
-7.269898540496482105e-03 5.779807255532190546e-03
-9.286460340051188559e-05 -3.378734248347338967e-08
-4.369153285850831125e-02 8.036532254079627180e-02
-1.918413998898931550e-01 8.383379979674946466e-04
3.776071383166818029e-04 8.010525376612800410e-05
6.144038667827245864e-03 -5.076398052323376729e-03
4.390270932602595238e-04 -6.421635291283151218e-04
-3.076534574867832283e-04 -4.618054169387285791e-04
2.856355248706835610e-07 -2.854828118326158828e-07
-9.399768793667327461e-08 6.074846163068706134e-08
6.413628129069922319e-06 -6.398303877435842273e-06
-6.837313500003928547e-06 9.134647817313951799e-06
-8.995268070216333239e-05 -1.727868989803875498e-04
4.491608247856547151e-03 -4.359742352592356138e-03
-7.320446055332775455e-04 1.846600709474404680e-03
-3.967351100818959989e-03 1.279558209161618882e-03
-6.050579291093734560e-03 5.936897445135327044e-03
2.129818895141098734e-03 2.575536213772110922e-03
-1.671490111609667470e-02 4.023183513150749291e-02
-1.173005766328739409e-02 1.813797774798057635e-02
5.737714784679551032e-03 1.093088299849990543e-02
1.085507387794166501e-01 -1.106309733168917425e-01
-5.530845897322862054e-02 5.227554058796328625e-03
3.101174591206722520e-07 -3.435138082700733646e-07
3.508943429759345950e-07 8.042760823899377860e-08
1.136516908092515634e-07 5.294505870186933469e-08
7.870223150340283587e-06 1.801036325500452631e-06
1.273782112453361912e-05 1.043326543850517077e-06
8.779808504428894165e-05 -1.500344672875018317e-04
5.426382478858541789e-03 1.322996283600083632e-03
2.188726643090219744e-03 -4.067400166576938861e-04
3.580368146428768855e-03 3.001325529494541094e-03
-7.358194325408023637e-03 -1.751873336980373655e-03
-9.340901947095544113e-04 2.832213803551400424e-03
-3.833022918169808751e-02 6.476473638116103312e-03
2.420689396988567541e-02 3.121549974867159809e-04
-5.533875522669358914e-03 9.523832484793706352e-03
1.351192791304184904e-01 2.947537698023346836e-02
-3.021151638403176548e-02 -3.930234452073865653e-02
-8.735712234116163979e-07 -2.563713229988743398e-07
6.378957059613348689e-10 -1.924941681067278069e-10
7.074359004435788102e-08 5.629785844717780300e-08
-1.456348457395239816e-05 6.616130270916416770e-06
5.506240418808350413e-05 1.813794378615943937e-05
-5.327564254012902821e-09 5.791949885583318510e-09
-2.810737835668146879e-03 1.230796346454161947e-03
-3.648771381532375277e-08 -4.201555009338296639e-08
-4.191741590548264500e-03 -5.667447245345119157e-03
3.331487824897600911e-03 -1.480372398954001760e-03
3.729353236529547805e-08 -5.599020361792763015e-08
1.611098544908856275e-02 -1.724098336899777817e-02
-3.463715626710343887e-02 -8.815433633658683807e-03
-2.109928974759877947e-07 4.823299683559469563e-07
-3.659351586597191230e-02 1.709944906409687632e-02
8.084916398042375590e-08 -3.007739237119847694e-07
1.846470309612777091e-07 -2.365741648105119280e-07
7.301870967386533053e-11 1.151397197777346267e-11
-7.745545902115567636e-12 -2.733635375582852430e-11
4.115854518115188616e-09 1.078221431630862043e-09
-1.600066481656265262e-09 -1.115705702934373738e-09
-1.473501071129071901e-09 1.820049533484899215e-09
-1.484712965918956269e-08 -5.431414019098274783e-09
5.700283442062012072e-10 -1.178729165230485425e-09
4.916597835073485622e-09 9.487953176076906312e-09
5.781690113675657197e-08 1.899824632352772635e-08
1.244658384597253973e-08 -2.005242123195235430e-08
1.125065064428069319e-07 -5.161518430863487238e-09
1.387588016416641163e-07 7.392960626076383196e-08
2.188189783993107288e-08 -4.400827497669980218e-08
-2.035647416741167729e-08 -3.082735723935159769e-07
-3.617764592227595740e-07 7.448209953478730744e-08
-8.333524055478414253e-08 1.923581795141173099e-07
6.130561521987348385e-13 -1.717829955602184392e-11
-2.299340993722474983e-12 9.281289974810504465e-12
4.418617155417854145e-10 9.839418246927147879e-10
-2.990181222180683390e-10 7.994492806763853419e-10
5.080709133891484816e-09 -1.943193082541382830e-09
6.362052749041086341e-10 5.201807974912355691e-09
-2.049437643430454216e-09 -1.112953809412423401e-09
1.052416560181069371e-09 3.357210235209859643e-11
4.421940010995224398e-09 1.927974257857282783e-09
-4.460612365949051422e-08 2.750898247430868776e-08
-1.344555633457846003e-08 -2.491644653531701355e-08
5.839357350031695875e-09 -4.105425253011631696e-08
1.929519481707318415e-07 -8.969270169496164990e-08
-2.355293702703512742e-07 -1.880268840996895008e-07
-5.411037831901272582e-09 6.497035212867449404e-08
-3.383700681815584950e-08 1.455344406834037241e-08
1.063065778005595307e-12 5.835515627275785969e-12
5.663564049678834675e-12 2.935125640577955358e-12
-2.164123113127442476e-10 5.956401017936010066e-10
3.131746452465196771e-11 -1.330912049147594711e-10
-1.210145661390883009e-09 2.436796253596494600e-10
1.017781503884841740e-10 -5.423364046454749621e-10
1.514832276296385974e-10 -6.371113961597237058e-11
-8.095033249880585845e-12 1.822470150774992816e-09
-1.961618571066284752e-09 5.880602515055739023e-09
1.096158845411480449e-08 -4.398448736725615489e-09
-1.912342777404952865e-09 5.953828284060922547e-09
-2.055800478371696972e-09 1.518510393984477562e-08
-3.755095697499253617e-08 6.458107580216132077e-09
2.008649367848440911e-08 3.406955205624876752e-08
-3.765112931837911012e-09 1.529886879696328572e-08
1.594707584699967264e-08 1.299612495683916768e-08
-4.342646168438645551e-12 2.467679284767078696e-12
-1.199353495797787521e-12 1.254511634898963289e-12
-4.081192851532404327e-10 -1.236712538062662206e-10
2.457232365123986714e-10 -2.462977698040158492e-10
1.120931936273848669e-10 3.665706021214581143e-11
-2.238353638391936706e-10 -4.161330401081300696e-09
1.797223878531245790e-10 -1.307541466562355866e-10
-2.750973825070737635e-09 -2.529141567713343961e-10
-3.373931396735615860e-09 4.265067003875455643e-09
-6.236278467573273875e-10 -4.845640282833019188e-10
1.252673575811831904e-08 2.671299823564235412e-08
-1.917665847990714658e-08 1.828484935735763133e-08
1.011675396370600292e-08 1.288653847749142455e-08
2.984372492736663438e-08 -7.394742877367327439e-08
-5.024709974508869560e-08 -3.521482392790656565e-09
-1.868510159036953402e-08 1.219067223059744842e-08
-7.289657755315739340e-01 3.685945261374388715e-01
4.009787452685048548e-01 2.930784001659861859e-01
-1.938207749310843497e-01 9.789613336065636218e-02
-1.829707959481357282e-01 -5.200937784933430674e-02
-3.617179828189524958e-11 7.025816175222264581e-11
1.245843076308628204e-03 -6.080460636195580797e-04
4.970404851773695719e-11 -4.546606890542471642e-11
-1.116441730575978494e-02 -1.385823860577360678e-02
2.122109289826924414e-02 -1.049980744428674791e-02
-2.424071353676443977e-11 -2.163670506454751090e-11
-5.968141039521932976e-04 6.940438496318643031e-04
5.123604651879331250e-03 1.080740565410692180e-03
2.260903460587331039e-10 7.928234772248848622e-11
2.001374948167983464e-04 -1.037934741994484938e-04
-1.692524979455855435e-10 2.682836204110414258e-10
5.248474536521172956e-10 1.707746012672874743e-10
-5.062235560482615179e-03 1.121830118642937364e-02
2.334532622557154435e-01 -1.066193134833642725e-01
1.892202009778342492e-02 -4.188328888058814869e-02
4.778660472384091418e-01 -4.752377023279151236e-01
-6.327547829901004894e-02 -5.644393244926735470e-02
1.040373528190224710e-02 -2.221460674750825107e-02
-2.579117953623788484e-01 4.478679097385420693e-01
-3.939407255367778915e-01 6.638434110151958389e-02
-1.882460983437418602e-03 4.076855325056579632e-03
-7.515903618053459100e-03 -4.278186997729322566e-03
6.563377327821247212e-05 -2.085363441230411383e-03
9.888519261547983052e-03 -1.129507726821919397e-02
1.784063186930744184e-05 1.581385222296006443e-05
-3.713606379237979012e-05 8.460067302841703797e-05
-1.994350353025035798e-05 9.795262027511855710e-06
-1.894596118386157117e-09 1.881328884304085146e-09
8.773107110157460364e-02 8.402378529794606032e-02
2.297970385248442830e-03 2.590075704361199244e-02
-3.274687980022686351e-01 -3.139082610892049430e-01
2.925148923932655021e-02 6.169879042713290879e-02
-7.334615440213271276e-01 4.030510191258401820e-01
-1.724773599821255998e-01 -1.699156448598025393e-01
-3.406731359275282783e-02 -3.976452063424831818e-02
6.966548712662570808e-03 -3.987112616697943007e-02
3.174163596301175089e-02 3.093334069534183633e-02
-6.454384734237933463e-02 5.585916998797421651e-02
-1.918904450767631303e-02 -7.473391110931383238e-03
7.448506897119420989e-04 1.326089084784310996e-03
2.058520173966205688e-04 -1.139857088991744563e-04
6.650322611684937038e-04 6.239548237262527042e-04
2.551508300158658000e-05 2.178246594562685437e-04
-9.657308776323798803e-11 3.250387049732964046e-11
-9.085413154690309689e-02 4.538688000542032835e-02
-8.747775715018919762e-02 -6.459221190733614726e-02
3.337917220717686040e-01 -1.665640315375658820e-01
-2.199548495014421179e-01 -6.367809307653977957e-02
-1.156586262999502610e-09 3.459259350635075054e-09
-6.708833268243600267e-01 3.234069090034630833e-01
-1.318060219601909036e-09 7.352019177009181546e-10
-2.874712685370966470e-01 -3.604025537394732193e-01
-3.676999626343519650e-02 1.797138262571232326e-02
-4.670249095519549174e-11 5.465475640247223654e-10
-4.054432064130583657e-02 4.668903938503755902e-02
3.480872262125125904e-02 7.519065421380118422e-03
-6.188999051685340108e-11 -3.968032205574036562e-10
7.856025277884783314e-04 -4.025935306306736503e-04
-1.323963728004059676e-10 4.751489041008475170e-11
1.087154562294978240e-10 -2.964292795446069603e-10
5.520671563915214490e-05 -1.185206056696726966e-04
-9.913213076631725851e-04 5.170379642402850870e-04
1.929051775064728746e-03 -4.136614402858370190e-03
1.027839068591792637e-01 -1.135160746792351072e-01
-6.503293318566305548e-03 -5.943098946552868161e-03
1.064723560901085185e-03 -2.204057191372991390e-03
-5.265438123630476058e-02 1.036186634741240176e-01
-7.611187112808755206e-02 1.696249573344012912e-02
1.937988585605034120e-02 -4.067888780900404816e-02
7.459165621192490048e-02 4.365453144188466417e-02
-1.432022270598002365e-03 3.290944869460833699e-02
6.892669198484706241e-04 -8.757569417122545042e-04
1.499198596447373980e-02 1.361206661935616263e-02
-6.805473537626063277e-04 1.501156184535849510e-03
4.866242869723545793e-04 -2.317877554267188007e-04
2.738147637179839384e-08 -1.572718531356085221e-08
-8.985270834615566608e-04 -8.433049783693820529e-04
-1.924600174795104238e-05 -1.170569094224473405e-04
-3.135393383007905460e-02 -2.945302766009768800e-02
8.033578847308016704e-03 1.412305164695333917e-02
-7.236036665286849079e-02 4.072134831189757470e-02
-1.659715994043350559e-02 -1.602324859635501086e-02
-8.697974538117570278e-03 -8.742347500180974035e-03
8.137336969693999148e-04 -8.233574954204070373e-03
-3.071231767438932780e-01 -2.933064361691412048e-01
6.105080596467969967e-01 -5.392536647029323449e-01
2.904185332272189446e-01 1.097380911786836888e-01
6.552789355443233493e-05 9.883179087293530009e-05
1.660194297906044947e-01 -9.413511989336990904e-02
1.143544428130288844e-02 1.051376761917430062e-02
-6.421037383924015724e-04 -5.039342143383074117e-03
6.003904209021262793e-09 -1.614560540541924241e-07
4.467685819997555203e-04 -2.233486158196099091e-04
4.470983152749771804e-04 3.299305720884584004e-04
3.283334849393784033e-02 -1.639592548286134335e-02
-4.692045653279926232e-02 -1.356902536654589105e-02
-8.727727680035350406e-09 7.297461399894981747e-08
-8.680939256053495090e-02 4.187840502962014710e-02
-1.335627522962899809e-08 5.514431354108552303e-09
-4.155028694658938204e-02 -5.206065577607297407e-02
3.334971512450717324e-01 -1.631169565912798658e-01
-6.605152688157705774e-08 -7.162950358330688852e-07
3.230522677537407961e-01 -3.722302349740799765e-01
-3.793978647435184981e-01 -8.183909594932180231e-02
1.688752072990520940e-08 -2.851655024730396254e-07
6.789480772268076392e-02 -3.481847042634200751e-02
4.214736808169743121e-08 6.428389979662385862e-08
-5.441383771906613885e-08 -3.335329703894346438e-08
-7.147094314713126756e-05 3.847949980636923366e-05
-1.534009714608018996e-04 -1.061746249237421116e-04
-2.985230442072357715e-02 1.605529947288207235e-02
-3.907457610945092030e-02 -1.002758311258103094e-02
-7.502497974043603301e-09 1.268436999173195931e-08
-2.207205489316151417e-02 1.148501160726966147e-02
6.754392135304145189e-09 1.026066888269251288e-09
-1.643951355457048263e-02 -1.936412191147910897e-02
-2.940540897150739630e-01 1.550378978174059841e-01
4.651096006455446461e-08 -1.345095709585967486e-07
-2.760642622318853490e-01 3.382743056005474980e-01
3.360580094078819968e-01 6.189792846974101481e-02
6.282560936576008355e-08 1.648894710799074500e-07
-6.118301107338700723e-02 3.375603314917462183e-02
-6.624033319994757319e-08 -1.020760758261239400e-07
9.145807508062139485e-08 8.467827635911929257e-08
-1.616263510973162475e-07 -6.533285876390660272e-07
6.419286916639742459e-07 -5.045291788514977255e-07
-1.960360127018540726e-04 -7.931934263892077754e-04
2.413491891990998672e-03 -3.931944909456483797e-03
6.745664019979719442e-03 4.172078764070013927e-04
3.718166092136140368e-04 1.597805151936367235e-03
8.997053927439024532e-03 -3.072695673624398910e-02
1.757922391800602335e-02 -7.527546166879874913e-03
-2.230552767032730529e-03 -9.355656330761826303e-03
-6.447846520026924433e-02 9.688876288192923431e-03
-1.140247725723531232e-02 -1.547027246768443824e-02
1.535386408081540477e-03 -2.938648428346717772e-03
2.827695405309777477e-01 1.657384142286452006e-02
4.940614946246906641e-02 1.910884076607084203e-01
-6.287328265426528340e-02 1.309459014357946538e-01
-2.495400858850964246e-07 2.234867526180645578e-07
9.134272359201465246e-07 1.324598241047632118e-06
1.766340660764176646e-07 -2.920823618818599712e-07
1.108203286641490154e-03 1.608653478335953131e-03
3.636379887121866006e-04 -1.895153619119817594e-03
-1.544059138826884246e-02 4.762349869910979978e-03
-2.180729208538609732e-03 -3.259905899724177113e-03
-1.017989217324454833e-03 -1.335301958297386779e-02
5.767086851300333439e-03 -5.542388776529719521e-03
1.288847884931189867e-02 1.904285156906989143e-02
1.360413399377622123e-01 -7.611237050565605733e-02
3.856628654184635768e-02 2.497548147822063747e-02
1.664393403993264799e-04 -1.376557480864157995e-03
-6.464764945031328258e-01 2.016791029522261303e-01
-2.718501985363631634e-01 -3.857007340025839226e-01
3.007062252552398368e-02 -3.459785891851170914e-01
8.432591574752142902e-07 4.146668748879331337e-07
-3.239097195370744860e-10 -3.486177587193307286e-10
1.128001842050941762e-10 -4.970733352492191675e-10
2.172830570228081844e-07 1.684732114641325243e-07
-1.078956451735553814e-07 -6.945082586873946301e-07
1.478894454155305017e-04 -1.364034988835534801e-03
7.074196545388272734e-06 5.787463438990641244e-06
-2.562925713788535842e-02 9.733935287603320483e-03
-2.658421155313333169e-06 5.314119790976450768e-06
-5.548984881245253565e-06 -4.531909287743905086e-06
1.391283077130523209e-03 1.347039241044655986e-02
-6.875027989124340565e-05 -1.972795485071430390e-05
1.317856821972151403e-05 5.845353149232815305e-05
5.888039540979967713e-03 -5.599021060297469654e-02
3.193761206490808913e-06 2.753012331873474872e-06
-9.958328158991655576e-02 -5.361859683942244575e-02
1.557785322333210543e-01 -1.294098002739045294e-01
-3.958666703798530235e-10 -1.055754818746509489e-09
6.887984504964935130e-10 -1.144033078887963508e-09
3.239243510810814997e-07 5.504497889684234964e-07
3.677184636440304863e-07 -1.652000936183867166e-06
-2.069447612491101107e-03 5.162711508241626251e-03
1.075063110212025368e-05 1.920352854825513970e-05
-6.735867467923769593e-03 6.063641928587851183e-04
-1.065502558537471425e-05 9.585217063040554983e-06
-8.569767932949022302e-06 -1.522751275632191106e-05
9.304806848728672947e-03 -5.410343306950827352e-02
-1.368931443857838114e-04 -1.048814984855185839e-04
-2.186082603575183458e-05 1.427133666063566686e-04
-8.423189780654298520e-02 2.121163295694636630e-01
6.810282181183929278e-06 1.242980057977166445e-05
3.300644180258239802e-01 3.181999464305023118e-01
-7.495941070653234783e-01 3.347549025987038851e-01
-6.116325512588211021e-07 4.951128673813199542e-07
-1.097871485196753164e-06 -4.889268658926997041e-07
4.130099274558848127e-04 -3.339610564925254163e-04
-1.418933746302400347e-03 -9.192102200506067271e-05
-5.846400621621448668e-06 -1.302564073724259800e-06
1.452275084125441776e-02 -1.141866624558983238e-02
-3.892725430703968384e-06 -2.129474163620437662e-05
9.337415857999523811e-03 7.556699236931172653e-03
-1.151374739297947834e-02 9.154125202305535974e-03
5.910479768692672751e-05 4.906810888187868600e-07
-6.919779680925346177e-02 1.272816726835775958e-01
1.211282997746866569e-01 -5.294193719968535083e-04
-2.402339740518351092e-04 -5.209597241632797675e-05
9.731957061675455822e-03 -8.044216074592654836e-03
-2.761300684574025349e-04 4.046636678156633762e-04
-4.872556510465439559e-04 -7.313987568672775845e-04
-1.803789130864952513e-07 1.801745091959246526e-07
-1.486749638552737020e-07 9.600189469192062205e-08
-4.051565661035901642e-06 4.035580810059527367e-06
-1.081656315004719018e-05 1.442871068191709159e-05
-1.424660041868249872e-04 -2.736741082771134131e-04
-2.836038186252531554e-03 2.752789666408318563e-03
4.621790219639776280e-04 -1.165963107757294953e-03
-6.283724899527658170e-03 2.026895761277767733e-03
3.820369299576732020e-03 -3.748641317247549450e-03
3.373209343530856816e-03 4.079253062184875871e-03
1.055381028361504839e-02 -2.540291960021660161e-02
-1.857827833643340559e-02 2.873025251698984456e-02
9.087257779625781962e-03 1.731141272942995218e-02
-6.854009507187230898e-02 6.985150092434365410e-02
-8.759785094023969654e-02 8.278808407525799912e-03
4.912011493507896856e-07 -5.438781169859563218e-07
-2.215897925468735089e-07 -5.073867261838381129e-08
1.797936359395909386e-07 8.381733991167921739e-08
-4.970063226608939053e-06 -1.134075205881011910e-06
2.014717645461751785e-05 1.653900065310616171e-06
1.390225434221358067e-04 -2.376057875782286802e-04
-3.426125968684603368e-03 -8.352900967416483635e-04
-1.382003102654073530e-03 2.568067884103707827e-04
5.670875988888003302e-03 4.753401431051736820e-03
4.645849890337515158e-03 1.106092307288746458e-03
-1.479134259462000067e-03 4.485390171876342709e-03
2.420087585667628910e-02 -4.089241042675983810e-03
3.834056388816663163e-02 4.929872622284927871e-04
-8.765692284543711785e-03 1.508432664810346532e-02
-8.531390425970124258e-02 -1.860933125324606974e-02
-4.784815659906909574e-02 -6.224350474966101193e-02
-1.383547093761932408e-06 -4.060964726928400527e-07
1.152637252689906581e-09 -5.714733752277688686e-10
-4.467021129706200517e-08 -3.555468762806291234e-08
-2.305614296101558507e-05 1.047418494606247106e-05
-3.476820147135121564e-05 -1.145377883719995878e-05
-9.621168160527043350e-09 -2.059753212680119857e-09
-4.451696231658568842e-03 1.949291705740522577e-03
-5.017758357663300366e-09 5.568761141881335678e-08
2.646771419269596057e-03 3.578113314179824905e-03
5.276579916363502432e-03 -2.344609969457814910e-03
9.373267032101461157e-08 1.725521771340020308e-08
2.551702154916849277e-02 -2.730606176298793625e-02
2.186932964817379227e-02 5.564481032269736824e-03
-3.842246504687816649e-07 3.032295062575434952e-07
-5.795948543428806887e-02 2.708101573696564471e-02
-7.674774218875609353e-07 -7.334764185710174713e-07
2.930438379480273105e-07 -3.744098340676250547e-07
-2.896435032322433974e-11 -4.952188187033831106e-12
5.176616147111583860e-12 1.842042746033739470e-11
-4.995037493708238212e-10 -4.904132076200859806e-10
1.044908969610732759e-09 7.355785275771583357e-10
3.269942661381930781e-10 1.028926583252398469e-08
-1.943215152699769476e-08 1.022474101367475209e-08
-3.492011872228306053e-10 7.758241334320912772e-10
1.637703100515017535e-09 -8.194937682740065803e-09
1.351320818065696718e-08 -1.766017759250792510e-08
-2.121102187770121827e-08 -9.710321109857514384e-08
1.319041726991042576e-07 -1.396066515867253944e-07
-7.586574127781444467e-08 -7.107706370502756794e-08
1.416424975460712570e-07 2.297908260370558123e-07
-6.551027474833737991e-08 2.360304492126568502e-07
7.760203173710586065e-08 1.376322933012831097e-07
-1.379684854082251673e-07 2.998214194337588553e-07
-6.384540099051547998e-12 1.073986862797080379e-11
3.677534617632967730e-12 -7.984527107949409704e-12
-1.028048159836307837e-09 -1.901191058432238117e-10
2.237651621392146058e-10 -5.773710397013514271e-10
7.497747544582852204e-09 -1.869952089592181495e-09
1.043441205963875599e-08 8.643454968169280539e-09
1.316669153804325131e-09 6.945860700419043966e-10
-3.391731392513122787e-09 -7.655943504840039951e-09
-2.198639637973839596e-08 -1.106552772112390118e-08
-6.760834924414977037e-08 3.138517347476861583e-08
-1.104439106990713235e-07 -3.420781880371872557e-08
-3.933881303203292229e-08 2.991996691835685778e-09
2.812179662414001082e-07 -9.830630506524808769e-08
2.332525671135596114e-07 1.748786447904649300e-07
5.963788344685922612e-08 1.811588972983030719e-07
-5.337468884417873041e-08 1.999571656759781489e-08
-5.889113876012510218e-12 -5.722000983362194804e-13
-2.985749888648867650e-12 -7.388357041573094427e-13
-6.807292021805635266e-10 2.429399360427993639e-10
-2.838211346870462169e-11 1.674320896681837239e-10
-1.033028718579115656e-09 1.388834612072771835e-10
-3.438782235741910615e-10 -2.465017969862299748e-09
-1.964092706537716084e-10 1.833308285656282564e-11
6.154102556662801760e-10 -8.937136640881599314e-10
-5.088905561481562811e-09 4.356005439518653354e-09
9.284412532239192079e-09 -3.577472229822132036e-09
9.583522767968372185e-09 2.161302326241076778e-08
5.969736685507203704e-09 -1.280584329806570464e-08
-2.353321857258247314e-08 7.503103036068427267e-09
-1.717297622835302171e-08 -2.514029326126986316e-08
1.502307732567110504e-08 -4.218047964877437910e-08
2.304757212568779935e-08 2.172828232483636928e-08
3.208137507667547326e-12 -3.546583102568857246e-12
-8.087249893507566042e-13 -5.492764877972021470e-13
2.629978989190834139e-10 -2.813691504595581487e-10
-2.153669836103544196e-10 1.895350069886648521e-10
-6.429531171932892807e-11 1.064199936022479326e-09
-8.042955705511750695e-10 -1.163479542835890726e-09
-1.591588442545442585e-10 5.092021726013657306e-11
3.264570623145072106e-09 3.524375250017275273e-10
3.536642210151032863e-09 -1.972994490317444386e-09
-7.169034485830498877e-10 -1.014193955586842840e-08
9.672194294505396119e-09 5.081784435279069035e-09
1.977399940954961031e-08 -1.602468621128446289e-08
6.513666740884766716e-09 5.560897656858025350e-08
-3.790668173779142977e-08 4.743892047144204095e-08
-1.807654687471000478e-08 3.226346205674765802e-08
-3.102168697863449481e-08 1.944145770793942229e-08
