-2.058187269345331250e-01 4.729164713474081072e-01
6.852008221063965454e-01 -3.863419400857034391e-01
-5.400693152788915707e-02 1.260175719201475364e-01
-2.854187214811233497e-01 9.642083395907075083e-02
-9.621727420164432038e-11 1.690535583547146334e-11
3.616070483919031240e-04 -7.971295049524411251e-04
-2.101919974131307583e-11 1.602745914172415333e-10
-2.018472620313090798e-02 1.967137174691344775e-02
-6.295739867055499296e-03 1.355906873590269346e-02
2.584084740776872785e-10 2.293444030981856620e-10
3.303811732107847792e-04 4.742199391414539020e-04
-8.291729283580368676e-03 1.576015085886068548e-04
9.852077751734952054e-10 1.930682082613206613e-09
6.696946693325845853e-05 -1.256138714546047724e-04
-1.341404003701314129e-09 1.138845676022371578e-09
1.519742028979415164e-09 4.450963922120719235e-10
-6.778570266087090767e-04 -7.347493180817889387e-03
-7.889086523710139853e-02 1.423606485165772317e-01
2.684884977427497675e-03 2.742257531506376786e-02
-2.732571794535986198e-01 3.286333734888823854e-01
-1.254450888509499665e-02 -1.591708473252862951e-02
1.125567148473157007e-03 1.466326549717011929e-02
4.972470043690563890e-01 -6.546996104703829422e-01
6.192274263866280604e-02 -2.456638495825226587e-01
1.823521305706715353e-04 2.685970436109708440e-03
-1.461081042559625887e-03 -1.462116223986244115e-03
1.120925321210372800e-03 5.551031160769315286e-04
8.013197018258340701e-03 -5.140316181769264380e-03
-3.644825889060610313e-06 -4.376042153322070755e-06
-7.041550789719593613e-07 -5.538063090148057582e-05
-4.993738977217889461e-06 1.806529715939495159e-06
3.401915242012592952e-09 -8.439936472217255467e-10
-1.664778859269276379e-01 9.811157813394051630e-02
-6.201541451889128198e-03 -4.067045002434985083e-04
6.196041006568615561e-01 -3.698462979592806454e-01
-1.580005347372920310e-02 -4.086750885610115729e-03
-2.369520617875496560e-01 4.749121799030215918e-01
3.347746111423226534e-01 -1.904171548591146179e-01
3.070921415448005579e-02 6.513671367282938829e-03
9.493203010213523141e-03 -1.861458070113789854e-03
6.158901067394148554e-02 -3.431562068721950159e-02
-1.831782316688707404e-02 5.093865616178285677e-02
6.311832472258711814e-04 -3.275179514191935148e-02
3.080201690749418135e-04 1.930643418466223866e-04
-6.291560429680799049e-05 1.353105117945533557e-04
-1.304164181063343373e-03 6.351541449718820171e-04
9.844036069529189825e-05 9.825285632303587102e-05
1.557264399569949020e-09 -2.357188702180452855e-09
2.734370879569446994e-02 -5.800295480643520574e-02
1.524905015788602658e-01 -8.004259281223267963e-02
-9.924199982241581341e-02 2.136109378881998200e-01
3.469196805008244455e-01 -1.057016845369531527e-01
1.657774880296345911e-09 -5.724301145480115072e-10
2.070388513866289470e-01 -4.222153038772337719e-01
-6.363339375481515563e-10 2.419295302856569254e-09
5.379594643977297919e-01 -4.936611694586304222e-01
-1.158160573301497687e-02 2.310051686138740387e-02
-2.641751779962607891e-10 -9.138055836595934703e-10
-2.134644674586880925e-02 -3.269117781994700794e-02
5.639749613395008548e-02 6.220790738954470444e-04
-1.094314104098904703e-09 -3.172483447178385241e-09
-2.768709462491069804e-04 4.837436780818691576e-04
9.052886230352084165e-09 -3.795894717143298403e-09
-1.358818923513147540e-11 -3.052321211342272882e-09
-4.287803949809524973e-05 1.556770891050959760e-04
3.505613517368607679e-04 -6.145379277716978613e-04
-1.466383647721164170e-03 5.442873087008351894e-03
-6.287193943139532393e-02 7.373782894563353507e-02
-1.309535457719862139e-03 -4.135169720428795784e-03
-8.474686133141502101e-04 2.901763730462055772e-03
1.133935532621179465e-01 -1.455255210731182525e-01
1.265177827112622284e-02 -4.769504093069894257e-02
1.607147566304796896e-02 -5.327749584207111533e-02
1.751758402682700860e-02 3.877983202389417156e-02
-2.773676756214074612e-02 -2.976024073779939133e-02
5.981509184606962617e-04 -3.734124748010555096e-04
-3.270805684868586648e-03 -9.418274832149605216e-03
6.943550026636488310e-04 -1.913538665457073561e-03
2.653261084109031121e-04 3.931538055060758571e-06
-3.155144325063257043e-08 -4.310190627834037592e-09
1.773406145471982925e-03 -8.251179507780526372e-04
5.740190996344943475e-05 -1.079186944953681686e-05
6.174605528099628288e-02 -2.915053127829459953e-02
-7.999784984858437226e-03 -1.425409231822132962e-05
-2.790313073608374078e-02 4.452019575508091992e-02
3.343400999912669869e-02 -1.493458655519992739e-02
1.521670700268473557e-02 -6.443237594882594236e-04
3.676931982543618117e-03 -1.753378204210486726e-03
-6.178728147190896136e-01 2.694818711809349177e-01
2.206066353483413511e-01 -4.658548628604393671e-01
-5.719613355188405551e-02 4.894540452671717889e-01
5.583595707935508915e-05 1.797905518974853860e-05
-6.129202086999897131e-02 1.040595889247638434e-01
-2.311001599158429842e-02 8.597295222930984027e-03
-2.044600861444857004e-03 -2.480527214659761052e-03
4.281753665121493512e-08 1.918728762125912810e-07
1.277354733671113196e-04 -2.883495111829623061e-04
7.693790509746686532e-04 -4.272189329052177996e-04
9.266497704476467021e-03 -2.123858496244246385e-02
-7.344765014661479297e-02 2.427996380503570986e-02
-8.458103485081786342e-09 -1.462235684620620455e-08
-2.550147690081465066e-02 5.525536203322253814e-02
-7.456298005014992331e-09 -1.858447266206883857e-08
-7.602832511316783004e-02 7.313440238175486496e-02
-1.001017007078862930e-01 2.119594270460077867e-01
9.799275134429538072e-08 1.325650733070933266e-07
-1.762225934227835966e-01 -2.564935913469177931e-01
6.146560365648302549e-01 -7.674995292284972695e-03
-1.308167682247302336e-07 -4.746918349469369429e-07
2.294278234605391653e-02 -4.236395564219969101e-02
4.110935202409545833e-07 -2.702568269663767264e-07
-3.265832069954134655e-08 -3.839074605633304837e-07
-1.532543839572527651e-05 4.890589657162645030e-05
-2.404413721833217703e-04 1.717302657334975817e-04
-6.285428365136221628e-03 2.045807927866699974e-02
-5.800543077522942598e-02 2.678462905025415577e-02
-1.101343419110064026e-08 1.373835340377087040e-09
-4.927968606138991882e-03 1.491716193370531789e-02
1.100073253003969869e-08 1.990592210657033500e-08
-2.565363052819319076e-02 3.098960708067203737e-02
6.759485374876994523e-02 -1.987090113239069755e-01
1.042309458136359083e-07 -2.723931403417064988e-08
1.808069145499880681e-01 2.081131362734409684e-01
-5.369178492451732732e-01 6.790895608080868562e-02
2.245445418046093079e-07 6.972149531411337959e-07
-1.648903987793832321e-02 4.092412228840081045e-02
-4.317398626870706188e-07 3.818046342878331435e-07
8.316541874254595212e-08 5.008086692573405060e-07
-5.650177063372515443e-08 -1.307468708901362612e-07
-2.379440898495357261e-07 5.046780032742821314e-07
-6.931356851995116013e-05 -1.590389864621303694e-04
-1.853858838594982629e-03 2.550832589818279126e-03
-4.754358747776453041e-04 -3.183187719642674635e-04
1.324324807573612299e-04 3.221939111601880676e-04
-3.028209917037013449e-02 4.578277886725084372e-02
-2.362254131204441672e-03 1.285518318757836870e-02
7.597555245604915939e-04 1.895599517156084648e-03
4.915323841792709411e-03 2.511621069821415916e-03
-4.037304212120063941e-03 -5.955835020469604345e-04
1.823545151341071603e-03 -1.345065292893184638e-03
2.028562728112493288e-02 1.278619579464196007e-02
1.342401265959557687e-02 3.970343569380409277e-02
9.720840815854964873e-03 -7.531445215979257375e-03
-8.035257880972774625e-09 -9.282476763506479274e-08
-2.300275199076305549e-06 1.520537889938167764e-06
-2.866537494132522639e-08 -7.131600128467377450e-09
-2.783611390703236328e-03 1.862087265193062072e-03
-1.471225721357003532e-04 -7.103402307370121848e-05
-4.416187838269383832e-03 1.012269632521219966e-02
5.666254315799329304e-03 -3.620641954373459565e-03
-2.612741040239341395e-03 -1.122455873702546143e-03
-6.771686581948717799e-04 -2.126408568607905634e-06
3.340565508692714541e-02 -2.093290599323705328e-02
3.085316449756828061e-02 -1.019815276048430530e-01
2.533399975464348600e-03 7.873376282991799424e-02
8.487581122379091734e-05 8.081814271847464993e-05
1.733239405936091160e-01 -4.291857799135861962e-01
7.081617679153673350e-01 -3.911491888929386485e-01
-1.764040500809627987e-01 -1.588214130946531688e-01
1.451695750524599742e-06 4.564945254360796390e-06
1.011543424186125270e-09 -8.509624843903188854e-11
2.296772725741552696e-09 4.529629337879189102e-10
-4.340665844533459744e-07 7.526036702304114387e-08
2.399562167863178613e-06 1.735723621258767282e-06
1.074798598105964514e-04 -1.135176839062928839e-03
-1.507858223739804172e-05 2.949028723684887717e-06
7.433488199661050094e-03 -1.604986036421395673e-02
-2.468718571045556796e-05 -4.492926121577782345e-06
-1.201544658085209245e-05 2.408207413566434836e-06
2.609850045911831016e-04 1.125137453670333083e-02
4.032328733307830347e-05 -1.134239969475708582e-04
1.506309146999697246e-04 2.031153046750252492e-04
-3.125400546757333385e-03 4.668396891525815329e-02
-9.585676674360572882e-06 3.078603272335674137e-06
-8.596921462739579023e-02 -3.798886978702972067e-02
-4.348662896578167625e-02 5.109446659869042173e-02
1.082012570808063788e-09 -2.660237099619293859e-10
1.842942380483338487e-09 -9.818672980288703826e-10
-3.684371181957203134e-07 4.522302134490966026e-07
3.641034814023229699e-06 -2.892932904777850688e-07
8.792625243240696341e-04 8.958115868760283332e-03
-1.176093117522635222e-05 1.483515464906891544e-05
5.357845642127066982e-04 -2.175616145708890274e-03
-2.677732700511861581e-05 1.548666616468366821e-05
-9.129709135532083032e-06 1.155530820120520022e-05
-1.899169504340573675e-02 -8.678860221923778706e-02
-5.311944196502288565e-05 -1.381935851255763784e-04
3.032372694294524192e-04 7.029751461828164460e-05
-4.619478882146008797e-02 -3.664471371545833800e-01
-2.281205294645968719e-06 1.183703983739935899e-05
7.234493020645496042e-01 1.646674988772549586e-01
2.598828158404807853e-01 -4.615103278786962804e-01
-2.525844401259538606e-08 -4.959978731221324181e-07
1.067109234242853404e-06 -1.575149778756722620e-06
1.920384744262232081e-05 3.348323829246182518e-04
1.588360379248550348e-03 -1.596411503530400155e-03
-9.152468749716950782e-06 -9.760346304556901086e-06
4.229803823746801968e-04 1.165692424334346076e-02
2.100781759109072636e-05 1.627829734446299855e-05
-6.275076422435828596e-03 1.795986877950216457e-02
2.547587345424250972e-04 9.283749910895658375e-03
1.010061489064319049e-04 8.507752441785359642e-05
-8.026931586505868521e-02 -4.386761232470508948e-02
1.700611475214424684e-01 -8.878339517521302571e-02
3.862554430410843499e-04 3.898977692870871006e-04
-2.188458439512985039e-04 7.969705460666205374e-03
-1.000424713465455744e-03 4.588855861662631736e-04
1.108545119952755145e-04 7.780630921497746350e-04
4.139841063399050280e-07 -3.455918283652985492e-07
-2.700385896719536474e-09 1.472828235440972576e-08
9.247277914146200952e-06 -7.816042408550720382e-06
-5.543547697625474184e-07 1.443541357599790191e-06
7.688640162206826641e-05 -2.484113664826533919e-04
6.497397955256331743e-03 -5.253197333330203098e-03
8.389747252477752543e-05 -2.541851649244168763e-04
4.696439889958506174e-05 5.598278807399928100e-04
8.861275560744653890e-03 -7.035875319049759297e-03
-8.097606629873054353e-04 4.387101407332445573e-03
8.315263599646923950e-03 5.755523705226380654e-02
1.806926341494107446e-03 -2.281992976740614652e-03
4.433639430805403139e-03 -1.586968200149329461e-02
1.688623752418018931e-01 -1.195237887798414195e-01
-6.027748646896959744e-02 -4.319170968324755749e-02
-7.707409857032779081e-07 -1.745983328028379386e-06
-4.853666889068999796e-08 -7.497161072859553864e-10
-1.299978385458815185e-07 1.047859465090158987e-07
-1.093825128768962030e-06 -2.513721930786660421e-08
-1.501512735711946178e-05 8.044153557795767948e-06
-1.993771502240116009e-05 1.234816460397207049e-05
-7.523038901853024889e-04 -2.654904820133127213e-05
2.553420230888318269e-03 -1.519958736276085312e-03
-3.680198271682176732e-03 5.034984054149018763e-03
-1.018397851808127384e-03 -4.486110252929631498e-05
3.145735274312832846e-04 -2.505581912911876517e-04
2.834623148985960378e-03 -4.406099624724297593e-03
3.175923057160606744e-02 -5.980258421995393939e-03
-1.237870348386042310e-03 8.177973548322161170e-04
-1.854808059340566639e-02 -1.844513195062173760e-03
1.550397831614630691e-03 6.500247075374415706e-03
1.217200599461622920e-06 -1.699877603061083131e-07
-6.019535663305096070e-10 5.661863295005174040e-10
7.850224295148939589e-08 -4.654939878446188553e-08
5.999409983257968970e-06 -1.484585512269105360e-05
5.455065957212476590e-05 -1.971247973715332336e-05
1.697559818214004916e-08 -3.013597930617756449e-08
1.208928765509835598e-03 -2.819958663653196647e-03
-1.736514280458135125e-07 -4.294999021341952079e-08
-4.944211888249833500e-03 5.024245968974396480e-03
1.465793265055978425e-03 -3.337459395273909609e-03
-1.460361726971298606e-07 2.787307167849240033e-07
1.388884442945553799e-02 1.907411196410155677e-02
3.571324665135842263e-02 -1.426389845209938192e-03
-2.575297612956736160e-07 1.529535924734838782e-06
1.825154936637646275e-02 -3.602836947274967727e-02
5.451537461544112649e-07 1.914237642371039173e-06
6.459821374813111606e-07 1.043758290730249935e-06
4.937531025966405501e-11 -1.901726896863099728e-11
-3.612252901309618821e-11 -1.983008547229640155e-11
7.264648678492171593e-10 -1.062239012941877960e-09
-1.608422245640644236e-09 -8.474951003685764907e-10
-3.573535047687342099e-09 1.800967876001150117e-09
3.857160415377921279e-09 1.619095902987315694e-09
-2.250927637388388608e-11 1.872080168426376043e-10
5.607477069887207857e-09 -1.160998862064849719e-09
-6.908786554506401209e-09 1.310877322550298145e-08
3.214842577969064915e-08 -2.408212960208190951e-08
-3.975641605749068943e-08 5.104016011396006136e-08
-8.838701735186942886e-08 -9.046499946879909927e-08
6.087639098845027980e-08 1.462155719449924526e-08
-1.080607892502375866e-07 1.642439746144769115e-07
8.958898434879234264e-08 5.719061917297821641e-08
1.658210013154347685e-08 -5.002499851402368506e-09
9.847557671372473707e-12 -2.606286549713224703e-11
2.850569883308208261e-11 3.953396398597321440e-12
1.503207378198635271e-09 -1.509191267173739646e-09
1.078255781861873519e-09 1.005956868693010997e-10
1.858626325282651636e-09 -4.629911739348303569e-10
-1.021545429123191037e-08 4.456530745661080290e-09
-4.291882166219988210e-11 -5.232560169332970141e-10
-1.403200986318815014e-09 4.459770811693467312e-09
-2.699264327811463338e-08 1.906346606634429534e-08
-1.634967377142533301e-08 5.806354645396839718e-09
1.773507572470257006e-08 -9.507537624885892520e-08
6.976678185016874757e-08 2.054688718223601748e-08
-5.223851111316470198e-08 5.822722374085550532e-08
-2.346250915659183399e-07 6.635549832953870499e-08
4.585622795742275437e-08 2.879221894808027938e-08
-1.700623963850930457e-08 -1.506353197624190519e-08
9.246161421624226108e-12 2.556926696100525396e-11
-8.522189011949444958e-12 2.096673295202896656e-11
2.539849294411206672e-10 1.296722580851325767e-09
4.590804504573208936e-12 -5.437285719048145390e-10
-2.401985210534684852e-09 2.825475110620635040e-10
1.176581199800675171e-09 -4.354603010172987252e-09
2.050758233964777781e-10 1.036357488965881869e-09
2.234540926539175812e-09 5.668610719643170655e-09
2.381328212969653129e-10 -1.757417100855515915e-08
2.186544005609190039e-08 -5.081404701631133268e-09
1.857623750160471217e-08 2.737115230346978242e-08
4.237213601660509247e-09 -3.823627680761002321e-08
6.028499166573345335e-08 -4.246222931242502237e-08
9.404590972790205924e-08 -9.351021064024360655e-08
-1.043703224962977276e-09 1.900057685767030436e-08
3.541869133547490806e-08 -1.008374001090605477e-08
3.396595029506587154e-13 -1.217782325078383175e-11
-1.187097552951819966e-11 -1.075418616983751940e-11
-9.917531263369159580e-10 -1.009039078077567425e-09
-4.261365937535705134e-10 3.765451941763571935e-10
-8.841975583926064982e-10 1.442163950680465789e-09
2.686516223671288181e-09 1.126893002752695311e-09
-1.536407873775767954e-10 -3.805079939041924567e-10
-1.659679566566659015e-09 -4.686944279544198655e-09
1.011517515056467186e-08 1.221286585553408247e-08
5.827029934974237985e-09 -1.505643757826574320e-08
-1.859032124866565878e-08 1.758202874077048741e-08
-3.068488203947785176e-08 2.104061437166747826e-08
4.909811887530402700e-08 -2.851887776168488440e-08
7.279994012367740893e-08 1.301614804685325863e-07
1.048338294320682235e-07 -9.577286256507351881e-09
3.041320944416905549e-08 -3.431245505562560581e-08
-3.259718449524056649e-01 7.489962502465782324e-01
-4.326360176629175935e-01 2.439364241494179353e-01
-8.553516692751225725e-02 1.995842702987032091e-01
1.802134718355539456e-01 -6.088014551200101460e-02
-8.611402888038437762e-11 1.044413626817907997e-10
5.727063062689916962e-04 -1.262478741990499895e-03
8.701908200125776080e-12 -9.853107990631959625e-11
1.274464258564304842e-02 -1.242051028637093830e-02
-9.971074771185575378e-03 2.147459919367847303e-02
-1.331241874677981094e-10 -1.491441330757970825e-10
5.232515869626643132e-04 7.510604428769770708e-04
5.235400505059956827e-03 -9.950964716336692135e-05
-5.912171086685073242e-10 -1.219877369730866240e-09
1.060681045960066757e-04 -1.989402781709839578e-04
8.503899363961134907e-10 -7.356154216343556109e-10
-9.614891887537730662e-10 -2.845072260162303399e-10
4.279993085323923765e-04 4.639209423151437542e-03
-1.249458762989917038e-01 2.254681289273533229e-01
-1.695238506867000148e-03 -1.731462180933429629e-02
-4.327796052931556781e-01 5.204833816842220351e-01
-1.986775821549741083e-02 -2.520918071326232537e-02
-7.106809887909999171e-04 -9.258392415772614958e-03
-3.139619171563692301e-01 4.133775429871990870e-01
9.807207507590026685e-02 -3.890778025235824278e-01
-1.151370673685122231e-04 -1.695922355817598140e-03
-2.314033676875381328e-03 -2.315671634823906599e-03
-7.077532559909350315e-04 -3.504916022083183437e-04
1.269115240931437821e-02 -8.141134659149295433e-03
-5.777443054917648024e-06 -6.927698451103786273e-06
4.418330010836089416e-07 3.496665809958753073e-05
-7.912974187375787806e-06 2.848754018384233209e-06
4.524273283331146761e-09 -7.468375499157886941e-10
1.051141901538783230e-01 -6.194768235516308341e-02
-9.821885517702274096e-03 -6.441300648091359505e-04
-3.912182263801813886e-01 2.335210720799563155e-01
-2.502383026925166995e-02 -6.472517237231973329e-03
-3.752802376728985312e-01 7.521570160758865864e-01
-2.113767970783352323e-01 1.202294490570050001e-01
-1.938980763600917437e-02 -4.112734239910874855e-03
1.503515647129499873e-02 -2.948137156716028155e-03
-3.888732094417324259e-02 2.166689414693036275e-02
-2.901142540983947180e-02 8.067568977603725711e-02
-3.985298226828562517e-04 2.067949370158713232e-02
4.878360139125820878e-04 3.057723371385587144e-04
-9.964608676985589565e-05 2.143008903360895810e-04
8.234496571704762093e-04 -4.010365994001403758e-04
1.559038872977154869e-04 1.556115847502837824e-04
-7.135131445743057662e-10 7.150034289439706578e-10
4.330645249628306548e-02 -9.186399377604559380e-02
-9.628255128013422925e-02 5.053891760652389625e-02
-1.571776155056073543e-01 3.383130037965560444e-01
-2.190451962525875873e-01 6.674007472383326756e-02
2.519982101729454403e-09 -1.035446110379267912e-09
3.279042580700534115e-01 -6.686966901763905513e-01
1.879116883722975461e-10 -1.445946326863487604e-09
-3.396677772580429799e-01 3.116978213935094333e-01
-1.834272984622701760e-02 3.658616484290358462e-02
7.720392047468209302e-10 -2.861598426884265155e-10
-3.380810027665138995e-02 -5.177567530011398939e-02
-3.560939736870490091e-02 -3.927809917537785104e-04
3.626172102237160371e-09 1.753199811216625192e-09
-4.385133164421690390e-04 7.661287592449387640e-04
-3.624369321495918746e-09 -4.630468714387247867e-10
3.003025745095657325e-11 -6.066037957732640746e-09
2.707310618732873913e-05 -9.829448757123107443e-05
5.552127034897407680e-04 -9.732936662842887757e-04
9.258704047315997670e-04 -3.436625600083203190e-03
-9.957540975675580053e-02 1.167845888940858279e-01
-2.074018565718958179e-03 -6.549204062330675653e-03
5.351008496600225114e-04 -1.832182294615500090e-03
-7.159672634959048099e-02 9.188485991994747859e-02
2.003763124026821177e-02 -7.553850754352638142e-02
-1.014748570429831187e-02 3.363936686212661703e-02
2.774402999286782259e-02 6.141876713066092563e-02
1.751304270809251815e-02 1.879072115185546551e-02
9.475358354704924851e-04 -5.913575215335505411e-04
-5.180200590974417228e-03 -1.491650535024894621e-02
-4.384228154433979165e-04 1.208219398038285017e-03
4.202294657329574534e-04 6.321013954214279566e-06
-4.930543589449847016e-08 -7.552917125266640352e-09
-1.119728873473396650e-03 5.209796293034896090e-04
9.091108601994389159e-05 -1.709239690647654204e-05
-3.898644526148366957e-02 1.840563557920183585e-02
-1.266988810586923940e-02 -2.251421263967239524e-05
-4.419245039967767408e-02 7.051025730836285588e-02
-2.111030803917636131e-02 9.429701754037138686e-03
-9.607830195398023646e-03 4.068346649321832225e-04
5.823551822782400966e-03 -2.776923609396952323e-03
3.901247462452558379e-01 -1.701507642972201195e-01
3.493925979285811834e-01 -7.378122503574852109e-01
3.611371209391216197e-02 -3.090419578352478491e-01
8.762044302116495098e-05 2.781963841012783485e-05
-9.707338440032885207e-02 1.648074238211119369e-01
1.459174620538169348e-02 -5.428381654669688604e-03
-3.237666706668085748e-03 -3.928907029217814512e-03
6.453575181490515931e-08 3.068790206757267782e-07
2.023054458272428890e-04 -4.566847448003001630e-04
-4.857862095555106263e-04 2.697461438447165899e-04
1.467612060775994216e-02 -3.363735206003282130e-02
4.637486780337899545e-02 -1.533036431075591489e-02
-2.240366131544186677e-08 -3.391092611055046006e-08
-4.038875945426943087e-02 8.751237120318765272e-02
-9.020360637073053683e-09 1.179691263894608021e-08
4.800430738591641988e-02 -4.617709441187146241e-02
-1.585393774178771586e-01 3.356981482754086143e-01
2.574190304820376756e-07 3.063598436315792757e-07
-2.790976316169754279e-01 -4.062294617397974039e-01
-3.880940297012582252e-01 4.845983611534118371e-03
1.816723485811660131e-07 -3.117876449495096846e-07
3.633559723540520647e-02 -6.709473262922613368e-02
-4.565404573986431929e-07 6.828251585288443048e-09
-5.144090553254495650e-08 -6.079488567308168707e-07
-2.427319281731575996e-05 7.745717819677135844e-05
1.518147802723978615e-04 -1.084305521261526219e-04
-9.954788827389952563e-03 3.240116138489825687e-02
3.662464834100245120e-02 -1.691183078885334298e-02
-3.648271056752620875e-09 1.620764726794928278e-08
-7.804839459685305493e-03 2.362552668677919687e-02
1.518068072322725596e-08 -1.018072344487365138e-08
1.619771020197577002e-02 -1.956683870170724399e-02
1.070559210363902641e-01 -3.147119917869152794e-01
1.533064193928949101e-08 -1.633548463014786862e-07
2.863586277832109728e-01 3.296054584797524778e-01
3.390101171532777791e-01 -4.287772028108806366e-02
-2.105051537289904262e-07 5.618451818051996386e-07
-2.611399332652115587e-02 6.481357781289499853e-02
7.247478471867144901e-07 -8.451869597478720375e-08
1.351396275968177748e-07 7.922275260263015571e-07
3.578393255165393988e-08 8.247217489997567767e-08
-3.772548648996606216e-07 7.993228107623282388e-07
4.377576351858482990e-05 1.004061325487800579e-04
-2.936109572902192814e-03 4.039963555504017499e-03
-7.529890045404790191e-04 -5.041499115297756652e-04
-8.361828962106376958e-05 -2.034705032929689616e-04
1.912012335249515388e-02 -2.890725812575328443e-02
-3.741311363255284995e-03 2.035986038562346070e-02
-4.798144748402740994e-04 -1.196816251953138109e-03
7.784824682451611799e-03 3.977881404677555306e-03
2.549349447339035405e-03 3.760740426817397661e-04
2.888358334886568287e-03 -2.130643178439947921e-03
3.212809384797967599e-02 2.025064399745503049e-02
-8.475863714394278256e-03 -2.506880513594270110e-02
1.539541646898995829e-02 -1.192805834307941390e-02
-1.374143555407393016e-08 -1.454626392270076069e-07
1.452057284475307762e-06 -9.596096216415774326e-07
-4.363323626384910885e-08 -1.200648474163236164e-08
1.757536044658054462e-03 -1.175665760120579327e-03
-2.329741207406361807e-04 -1.125077478171249682e-04
-6.994132303275991253e-03 1.603224624123767914e-02
-3.577711224583372211e-03 2.286017336255576331e-03
1.649801579829670607e-03 7.087702760725496463e-04
-1.072425471542350853e-03 -3.355731993920557759e-06
-2.109201018713052073e-02 1.321645663166110506e-02
4.886313292653765572e-02 -1.615173397793313315e-01
-1.598827196816165943e-03 -4.971197707011520972e-02
1.356298140296465177e-04 1.276230087886468878e-04
2.745012094551825821e-01 -6.797407258494235771e-01
-4.471337006443596995e-01 2.469715386719764649e-01
-2.793731414933606771e-01 -2.515467350339783970e-01
2.299882048144741720e-06 7.226827065810814899e-06
5.568259633859546743e-10 -5.680782894506817625e-10
-1.428747751964601476e-09 -2.658085795263280684e-10
-7.072869866259714312e-07 1.266464756130920662e-07
-1.513482167812466376e-06 -1.096883775202118097e-06
-6.792521854021063815e-05 7.167180751012973373e-04
-2.395003619907723325e-05 4.634742206957668014e-06
1.177301794787540164e-02 -2.541947329207277020e-02
1.558934124561428818e-05 2.839101132467686206e-06
-1.889296582004343955e-05 3.724201880290306884e-06
-1.641473650659164198e-04 -7.103871507834006067e-03
6.456277929051789505e-05 -1.799432531689787093e-04
-9.510838122793177564e-05 -1.282539300458348543e-04
1.975265478561752646e-03 -2.947483472363833165e-02
-1.721125217116242545e-05 8.031290712086711036e-07
5.428189909928108486e-02 2.398515244696132476e-02
-6.887330830186408348e-02 8.092245941262650455e-02
-2.935111317109420035e-10 -8.583673352740381361e-10
-1.162563103548015794e-09 6.157158962435521421e-10
-5.738725236761885027e-07 7.166194938493344759e-07
-2.298129683169949392e-06 1.798019186787540544e-07
-5.554272321788079111e-04 -5.656074009361415807e-03
-1.873297325013517650e-05 2.346934649594004194e-05
8.485665323317029491e-04 -3.445655871939171631e-03
1.689661871340586235e-05 -9.825528698838510009e-06
-1.458766263169217645e-05 1.828612904832136647e-05
1.199379245901502702e-02 5.479724358010577834e-02
-8.296003848435451597e-05 -2.200072406408919070e-04
-1.915637643939569943e-04 -4.423604395611503497e-05
2.917611057885671766e-02 2.313717184216244338e-01
-1.784585230280523916e-05 1.384517810457197784e-05
-4.567861348011455491e-01 -1.039754406758697375e-01
4.115975354111093276e-01 -7.309314144076474173e-01
-4.062449750094647836e-08 -7.857431574033124192e-07
-6.737759591121408569e-07 9.945369612056537741e-07
3.040856369400709848e-05 5.303035042754589362e-04
-1.002896008550374900e-03 1.007985165723587718e-03
5.720368286499341010e-06 6.145053225010239660e-06
6.698037684929378623e-04 1.846203407419015619e-02
3.337014121415490608e-05 2.563427315313277142e-05
3.962157672937300507e-03 -1.133982567903310881e-02
4.034234979603754925e-04 1.470344295466583830e-02
-6.319754305239942010e-05 -5.359993584052659307e-05
-1.271285625407240494e-01 -6.947743501320238768e-02
-1.073769312339723642e-01 5.605760378178115816e-02
-2.418828915813079814e-04 -2.457436507631472356e-04
-3.506211426016983155e-04 1.262026730430508385e-02
6.317387147120210808e-04 -2.911567472735340561e-04
1.755695142145479891e-04 1.232281225355511597e-03
-2.614521283301614705e-07 2.181763247324344899e-07
-4.149623046674942933e-09 2.355158029876281072e-08
-5.846951338504670243e-06 4.928911970818993141e-06
-8.597635414824578943e-07 2.268939092007591032e-06
1.217097358219118206e-04 -3.934665122164772715e-04
-4.102374675446635033e-03 3.316677784528189888e-03
-5.296641020089653238e-05 1.605746850545765943e-04
7.457723880824343129e-05 8.867534807157480227e-04
-5.594829753118636846e-03 4.442295507767177881e-03
-1.281838031623780839e-03 6.948502840686958046e-03
-5.249342488740452346e-03 -3.633901478783686106e-02
2.862346133064568032e-03 -3.615596778918929791e-03
7.024478082229272669e-03 -2.513264688543052905e-02
-1.066185206519743439e-01 7.546639221403264597e-02
-9.547086582130558108e-02 -6.840238487230730635e-02
-1.220062894335402015e-06 -2.765750032525893809e-06
3.050448001462225088e-08 2.484174909744626461e-10
-2.059132844816410625e-07 1.669038166435513517e-07
6.779676773516747052e-07 -3.299837462306645156e-09
-2.378092816781687585e-05 1.278487748406825078e-05
-3.154297675114690712e-05 1.952514905402913953e-05
4.749765170862972835e-04 1.655684798282520259e-05
-1.612219169722019447e-03 9.596890586119836541e-04
-5.828784759159148787e-03 7.973340984841478102e-03
6.430807137715998517e-04 2.823754108974328722e-05
4.979194342609120482e-04 -3.964801527061772375e-04
-1.788545277478056266e-03 2.782671750568645880e-03
5.029635425255744863e-02 -9.465710110731691621e-03
-1.961871449845925715e-03 1.296546284271261678e-03
1.170972443201113294e-02 1.160545318167704445e-03
2.453905963022379871e-03 1.029149710198984900e-02
1.928225177558066575e-06 -2.692294590849862358e-07
-1.062231512965882315e-10 7.009531216830965344e-10
-4.955008024776005803e-08 2.940793326574389115e-08
9.497391745670215590e-06 -2.351608525626395233e-05
-3.444044223566309699e-05 1.244466094262959581e-05
6.958478767161070896e-08 -2.924281848273535352e-08
1.914808106194791507e-03 -4.466557328744850258e-03
4.018557211787928154e-08 3.355305871665065598e-08
3.122437181693892179e-03 -3.172400202484728336e-03
2.321673592801533782e-03 -5.286256628811411389e-03
-6.701160630278798580e-07 3.106295035387073097e-07
2.199844786432230900e-02 3.021155275792317130e-02
-2.255217163150998599e-02 8.986005078769122335e-04
-2.172498749740516827e-06 1.721509739747230887e-06
2.891460902200389954e-02 -5.706961713320431867e-02
3.394442326695520849e-06 1.870060184861961304e-07
1.024103222190595231e-06 1.652687091245436843e-06
-6.335440430655732485e-11 9.569972166189293690e-12
2.319021485613812521e-11 1.830097911579484630e-11
-3.723955047733676190e-09 5.551030645145676937e-10
1.098844298380428573e-09 6.547499288898985303e-10
-4.800076871577076239e-09 2.670009146745254914e-09
2.456434450152810676e-08 -6.529306354122070268e-09
9.696388202579251150e-11 -1.077236882965856477e-10
-4.295892208896960713e-09 8.915287587176619931e-10
6.554737243738565615e-08 -1.262168817960316406e-08
4.501232314753452459e-08 -3.275007303323213882e-08
-5.829498056967314072e-08 1.991714557191782605e-07
6.120864891220117008e-08 6.329734838956994019e-08
7.383100059851850433e-08 5.908363178767474413e-08
1.867625042313686281e-07 -1.219035544515064401e-07
9.655908242898017124e-08 5.068763087233342914e-08
3.929070764102100196e-08 -3.219405411119742583e-09
1.538035630771830112e-11 1.076564768843263377e-11
-1.941346917800822729e-11 -5.340004100942292215e-12
1.223342037217149379e-09 3.028413609041574922e-10
-7.453743629309170793e-10 -1.055433985791062405e-10
2.171748196474225271e-09 -9.218756406654149396e-10
-8.594456456464474204e-09 2.751505115894443629e-09
1.663525177812868146e-11 3.224155392271692319e-10
2.593584679499175449e-09 -1.527831361494339150e-09
-2.058015478947896674e-08 -5.225447991713397854e-10
-1.994664955521381188e-08 9.015621468877946114e-09
1.384205037155632293e-08 -8.379645846636242938e-08
-4.816670828301375524e-08 -2.555008598177155131e-08
-6.957183596061436742e-08 9.421438378989647093e-08
7.225351771840278980e-08 -3.558589431217741173e-08
7.218092553119888104e-08 9.735154657116160018e-08
-2.436513831026590321e-08 -1.576224126713224797e-08
3.581894785603808135e-12 -1.166825055022379719e-12
3.039578787856827830e-13 -1.064527379882988245e-11
8.396241956981028160e-10 1.175766386444861905e-09
-4.497696747346383281e-11 4.621692518714951394e-10
-2.603836242251013815e-09 -4.180143470270250195e-10
1.599938221927216976e-09 5.826820248268716378e-09
-2.022059665234297876e-10 -4.407157850459403649e-10
-4.581949219533453717e-09 -6.267820226680710694e-09
-3.748784888750773250e-09 -3.227320551512724482e-09
2.627719175587967761e-08 3.054648682700652786e-09
-3.060347510289597625e-08 -5.865389816068019057e-09
-3.810603370197661396e-09 5.095860262314686500e-08
6.297275453976267823e-08 -1.928500746538545040e-08
-4.861216654487265624e-08 5.393986780584938402e-08
-8.052079534649611947e-08 -6.194193464624219745e-08
5.910122568391395935e-08 -2.081765742668264445e-08
-1.273392127965261009e-11 3.532431140792502738e-12
6.815169324484753259e-12 7.700870281248017314e-12
-9.065826625437987038e-10 1.027955034249974291e-10
2.184001557161503648e-10 -2.270409000815636286e-10
-1.415383084017472923e-09 2.082906737329473502e-10
1.599354058500233202e-09 -7.148974265300133231e-09
1.319065671537078151e-10 2.116162359429484875e-10
2.595299221529875673e-09 3.070794263697812344e-09
1.021780896523062223e-08 -9.044877277726396663e-09
1.218418299578681234e-08 -4.472638899936615254e-09
3.359179384657342277e-08 4.105238073533774127e-08
1.395732553195961524e-08 -1.832056401786624995e-08
7.813730019566410441e-08 2.636466467598231344e-08
-8.122753309368424397e-09 -9.299629220547261194e-08
1.517830668893045942e-08 -7.100267748455752928e-08
4.738199794420167786e-08 -6.002867265960066526e-08
