-2.862393747666808763e-01 -5.814093257325414488e-01
5.235792618653273278e-01 2.726346442337750781e-02
-2.349970865799674291e-01 -4.773878370105026914e-01
-4.968240275215039898e-13 -3.154482241140181692e-14
-9.788772364107158064e-02 -2.258173625918009908e-02
-2.053383436742158008e-02 -4.166306943886113195e-02
1.255039956141590493e-03 -5.520996112184197498e-04
-1.939420796232887302e-12 -1.175881430576702297e-12
3.425930169159042693e-01 4.794004817047154907e-03
-1.305580797940464349e-13 1.768491093290161387e-13
-4.000917742614721329e-01 -5.619140906882637461e-03
3.101928623383410910e-01 7.515622182192848166e-01
-5.334313137900638054e-12 1.214296687165593751e-12
-5.564702652506335612e-02 -7.547367952168277088e-04
-5.011243884304063488e-12 -5.690039828128435605e-12
2.953729217895504181e-12 4.259047992696576569e-12
-9.901297409309098643e-03 -2.008911502474834340e-02
-9.208848180782046311e-02 -4.754383975731626619e-03
3.404424048901224381e-02 6.908258243345732907e-02
1.273357134698200226e-12 -6.229676516201935531e-12
-4.682375999320952942e-01 -1.078000086722670364e-01
-3.518452583608515649e-01 -7.130981521417206759e-01
-1.890418216484282543e-01 8.326031029684122231e-02
-1.433660742883704001e-12 1.223498683973430808e-13
-3.291141145495101675e-03 -1.269765946097745676e-03
5.535975336422097368e-13 -4.909245684935433183e-13
-8.301069455184820201e-02 -3.203152286608682703e-02
7.956129920783355097e-03 2.137284726511064770e-01
1.786123609394630747e-11 -3.739869383450283610e-12
8.508556387863550757e-03 3.278508696161664196e-03
-5.058345268742465350e-12 3.429845384466883199e-11
1.972989589930615120e-11 -6.395797861269041196e-12
2.618368812639413457e-14 -3.723945680539463245e-14
-1.603033823158188723e-02 -6.213627174120218977e-02
6.274647878088818536e-13 -9.089941225129680998e-13
-3.118130337017692266e-12 4.128127259607125170e-14
-2.543312992140939893e-02 -3.263201149671268175e-01
-6.134475088673387527e-13 5.381637148021146533e-13
5.004438990937973841e-01 5.718160211278372485e-01
1.537208182212554952e-01 -5.098820736821786381e-01
2.954333182415238540e-05 5.793256301432473022e-05
-3.168176394470414645e-03 -1.202094669157404469e-04
-2.574092690676915360e-02 -5.048269498188332621e-02
3.016372906299595154e-13 7.921275500695314549e-12
3.708451541472488570e-04 8.006074031705123566e-05
1.073187999724185132e-01 2.102216734359978467e-01
9.390875209167291737e-02 -4.290131537815253249e-02
-9.227390697136377787e-13 -1.453675880717978440e-12
-1.321979695741925547e-14 1.367531278367492079e-14
-4.751389065692039776e-13 -5.345815138145552576e-14
-5.360376501532657254e-12 -9.775987885947047787e-12
1.105819896973434316e-02 -4.755752474172595529e-02
1.501677108946581094e-13 -3.900496377400491585e-12
3.022743725167100250e-11 2.389752916740388955e-11
-1.990127673043068944e-11 -1.656612781317091715e-11
6.949748746318757521e-12 2.116284293648937391e-11
-6.376474325736263351e-05 1.611065491273823717e-05
-6.557121275727531968e-14 -1.001774811049498540e-13
-2.156740922152085640e-02 5.447994913449044976e-03
-2.835320509176559797e-02 -3.707288729800535532e-02
-6.697023245548347528e-13 -5.750701087193652109e-13
6.896328157476068477e-02 -1.745567704828598563e-02
-8.396111033025979641e-12 -9.491185301503599666e-12
-1.308049307627563155e-13 8.156352716579496480e-12
2.887929194160392018e-05 5.739616404959688189e-05
2.215359085787093382e-04 9.607125108593916543e-06
-3.400112610325620828e-04 -6.758419529977793740e-04
1.371134832964707592e-13 1.330190569024049405e-13
-3.330860349277783156e-02 -7.379871515371407530e-03
-2.690288247910150102e-02 -5.341089720816930703e-02
-1.335546204016924143e-02 6.014129005218612871e-03
-1.078475844163551016e-13 -9.423682624738391600e-14
-6.113896423605549572e-17 -2.773479737052493313e-16
-7.419130757653615848e-06 -1.784029322796951513e-04
-5.119076423050500076e-15 3.515784171535243767e-15
-9.101993454441027742e-15 2.060139919845452918e-14
-2.897342023570336888e-03 2.163337160679276380e-02
-6.190374074147568100e-13 4.689507300162045342e-13
-2.625553329343238013e-02 -4.715811377130482013e-02
-1.794696462318750782e-02 3.256197678083866398e-02
-1.097135366671970297e-08 -1.684058851341717517e-07
-8.995221821081704941e-06 -4.283808065958065730e-06
-1.051660706302332996e-05 -1.615535248304842103e-04
2.222515769539333675e-15 1.902154349947075678e-14
2.583292715071375430e-03 1.840931247697258615e-03
-1.193297482022122801e-03 -1.819594741954666181e-02
-9.585729871444887903e-03 2.109181563050460976e-04
1.739198364242262862e-12 1.005140132694081828e-12
1.727174615176636584e-07 8.073793677754638521e-08
1.510477409600078992e-15 2.933081638410435835e-16
3.148421006278683887e-05 1.471947445760413973e-05
-2.198555953140603868e-06 6.900389545209214463e-05
-3.249662167696478910e-13 -3.897908149565599508e-14
8.377858641369351905e-03 3.911894595105477011e-03
3.193354227505792139e-12 -1.070883847457294839e-12
-5.181813156300127342e-13 -1.259120878944040469e-12
5.811097204764259775e-17 1.839209936759934651e-16
-5.448379541425350416e-08 -2.140401879139682631e-07
4.896934432960861286e-16 -4.731496213381860468e-16
3.957539149753073290e-17 -1.732170951333424731e-15
4.266915165594521524e-05 5.712464738900281018e-04
4.713425922586934935e-14 -2.798151596592686609e-14
5.572916823496774051e-03 6.409311429249318383e-03
1.764364759942197531e-03 -5.784702073732336282e-03
-1.712591336870021716e-09 -3.570744143878742798e-09
-2.098237779422795044e-08 -1.308894695739357754e-09
-4.435280030120857809e-08 -9.248753088542633336e-08
2.399355440854964032e-16 -3.238303146577775659e-16
2.147622366359025519e-05 5.187339694584582828e-06
-1.252665979894245960e-04 -2.608922466189320176e-04
2.737248640357119612e-03 -1.170712080151215711e-03
-1.346217454069094935e-13 6.174993589923702784e-13
-6.481957443775932210e-17 9.998761499479224518e-18
-4.480105417366725547e-09 3.324169524105486020e-09
4.210586473545171177e-17 8.553721376914655576e-17
-1.984433711443116803e-17 -1.372631026571300674e-16
1.146437138982588270e-06 -5.732249651317728146e-07
1.446604186791608975e-14 -1.131699207118249908e-14
4.296813055545348615e-04 -8.543486781678011040e-04
1.711905654951775650e-03 -1.597597684484781488e-04
4.342710999712590889e-17 3.104875974769630736e-17
-5.196355784083436579e-17 1.010410864476216501e-16
1.504775029085085508e-16 1.285288959932973068e-16
4.609141453120961253e-17 1.333597973590844932e-16
1.068695820029951623e-15 -1.412004133958738426e-15
5.114040109773486232e-15 6.558431987662976685e-15
3.367151637474003165e-14 -1.271423779450727284e-13
-8.850624655212697978e-04 -1.713649843671517662e-03
1.807316325416854497e-01 3.671020337437948533e-01
8.292350290307288763e-01 4.317936434662272144e-02
1.483772354337648536e-01 3.014228325808106512e-01
1.327092483072509536e-13 -2.369277489245279746e-13
-1.550327433940615340e-01 -3.576453095716967262e-02
1.296506957038150859e-02 2.630607533513484170e-02
1.987708780500485779e-03 -8.744050224320451276e-04
1.235011311446667032e-12 7.454029603626550916e-13
5.425924039002378851e-01 7.592655043827419362e-03
-3.005369661824746125e-13 1.451983945014892032e-13
-6.336578589124945982e-01 -8.899490128761884319e-03
-1.958558722362605531e-01 -4.745366243401277773e-01
-2.479041561003668238e-12 2.286830154421733088e-12
-8.813271841257204475e-02 -1.195337986823932774e-03
1.078685594422713723e-12 4.898936987419624947e-12
-4.859008484712916554e-12 -7.916642493517172998e-13
6.251682343041071836e-03 1.268427363542194014e-02
-1.458480127979115970e-01 -7.529904297658114760e-03
-2.149554430079296183e-02 -4.361876458281280927e-02
-1.832774410281055087e-12 3.414309672291264639e-12
-7.415859413322223315e-01 -1.707316347900183773e-01
2.221552083735847394e-01 4.502504007510834128e-01
-2.994008966395567684e-01 1.318661201006525729e-01
1.164464126608488271e-12 7.730159025289887318e-14
-5.212447707455100838e-03 -2.011031524184532515e-03
-1.740792860408392369e-12 5.300197906240885844e-13
-1.314707833621877875e-01 -5.073092601143809610e-02
-5.023502970031541205e-03 -1.349482258139355628e-01
6.487678241810846381e-12 9.014176122814893614e-13
1.347569227366614796e-02 5.192440649690197030e-03
1.280846199444495033e-11 -1.376218657299595543e-11
3.461080008951541178e-11 -2.643415195622783669e-12
4.263536120668135922e-14 -6.452938661314260626e-14
1.012156067331861954e-02 3.923286179960398801e-02
1.253519237707297660e-12 -1.774095620015440509e-12
9.053910182979639956e-13 9.236075189311407613e-13
1.605848634595365490e-02 2.060386246901090013e-01
-4.154109826987459605e-13 2.987782158190156015e-13
-3.159804375364468898e-01 -3.610448181567071368e-01
2.434601529208392789e-01 -8.075416789142703111e-01
-1.865366914152613323e-05 -3.657863879759824067e-05
-5.017698437949992367e-03 -1.903855023332698437e-04
1.625282946174644652e-02 3.187478971350719142e-02
-3.374490401796527967e-12 1.079407423698641686e-11
5.873376076133973722e-04 1.267987008354579874e-04
-6.776112454326484180e-02 -1.327340316637632134e-01
1.487309227745943485e-01 -6.794629981420176323e-02
-1.072319816583320863e-12 -2.164266419909076916e-12
-6.407164217192089638e-15 -2.894169750137869039e-14
-5.333864814649307456e-13 1.028277316617056785e-13
-1.842149680369877606e-12 -6.030420081439397413e-13
1.751376841483236538e-02 -7.532071698381580249e-02
-4.949296318856778213e-12 -1.273843230240239825e-11
7.821605696668001556e-12 1.037198195272766433e-11
1.469832203361837044e-11 -1.646874042289444225e-11
1.043009107767959329e-11 3.344496813565093341e-11
-1.009894061354345735e-04 2.551575350667694729e-05
-1.141563954536836398e-13 -6.415798069944388656e-14
-3.415805879866804645e-02 8.628432314710901552e-03
1.790222275186562767e-02 2.340783287555109338e-02
5.432884901841051983e-13 -4.427593728120112193e-12
1.092227537699034384e-01 -2.764597438981240482e-02
4.554966323523208589e-12 5.719403572667269377e-13
-4.758049369812957930e-12 1.094298932488940581e-11
-1.823439414606524103e-05 -3.623995629196768119e-05
3.508644229464171946e-04 1.521558481824644958e-05
2.146832186438588411e-04 4.267268246301153794e-04
1.154500844177414189e-13 1.323708771353529892e-13
-5.275354238791377798e-02 -1.168810229116907552e-02
1.698648857860042549e-02 3.372365753431910695e-02
-2.115213065063586972e-02 9.525064882851524278e-03
1.221161171915907867e-13 -3.894913385525991980e-14
1.939356334276418017e-16 3.120113966713208085e-16
4.684441527801237229e-06 1.126436683550143165e-04
7.921434518037572609e-15 -2.070078582670069500e-15
-3.253674460494782888e-14 9.362338771353323247e-15
1.829382677989793487e-03 -1.365931773405975637e-02
-1.303433548389515961e-14 3.369226803056370914e-13
1.657775209782080469e-02 2.977564807965978749e-02
-2.842406644819904168e-02 5.157104898516404884e-02
6.927316014635650258e-09 1.063315297541898521e-07
-1.424646385058958813e-05 -6.784614983914656722e-06
6.640189071990792466e-06 1.020049471218481340e-04
-3.867858877590407706e-15 -4.113060209019187724e-15
4.091370620777274626e-03 2.915632432091869262e-03
7.534484142988412056e-04 1.148892700704140513e-02
-1.518169943511282066e-02 3.340482255518825478e-04
1.707402369387712358e-12 6.233945743985872364e-13
2.735466804351599323e-07 1.278712319512191759e-07
1.215716147813038018e-15 7.131492591577202909e-16
4.986410224129300987e-05 2.331242794160431249e-05
1.388168927731502465e-06 -4.356908159376528895e-05
-3.354293310332051533e-13 -3.147111424431985031e-13
1.326869561114159962e-02 6.195585392196715190e-03
2.296249044623668818e-12 -6.055292010375589041e-12
-2.833170196738639544e-14 3.273102281785007497e-13
-8.726562272402144499e-17 -1.465469880862355081e-17
3.440108551968849728e-08 1.351450425089918425e-07
-1.008789381835004538e-15 3.326075969951098254e-16
5.552640829900292799e-16 -8.124833686188192606e-18
-2.694131597788310863e-05 -3.606852058025125846e-04
-2.139507560374551182e-13 -2.274151694262311492e-14
-3.518741461677143273e-03 -4.046841280485631923e-03
2.794367861348099474e-03 -9.161702804700555189e-03
1.081330782813826688e-09 2.254568877062317247e-09
-3.323149695175693196e-08 -2.073002893909801129e-09
2.800437185170347333e-08 5.839665581077129732e-08
-8.706702328353932494e-16 -1.921856331938255456e-16
3.401364081114043958e-05 8.215611401876413044e-06
7.909336986810623171e-05 1.647274475495664819e-04
4.335203130269127229e-03 -1.854151868408277642e-03
-3.761466503767418460e-13 1.273182383924585915e-12
-5.277248766118973692e-17 -4.847807244178394152e-18
2.828740073539156353e-09 -2.098881797612036122e-09
2.638360432707568298e-16 5.372395800710946156e-17
1.731519556121234296e-16 8.782356612844744448e-18
-7.238607720879918663e-07 3.619344290183374011e-07
-5.181380381756386702e-15 2.225936704542409240e-14
-2.713009130213365756e-04 5.394360283342724454e-04
2.711284114085393045e-03 -2.530245311169250391e-04
-7.266370125587603315e-17 -6.211109615372636726e-17
7.140321317943579042e-17 1.068564233070502412e-16
8.432993728704852022e-17 -1.089369577002925793e-16
6.627266643638446509e-17 2.999363696971454136e-17
2.506643211765972674e-15 2.652247869770694745e-15
1.935808492262167183e-15 -8.217523393379702226e-15
-4.081320255239334499e-14 1.077700529289145584e-13
5.588287237411425747e-04 1.081999057802855539e-03
