-5.336094871360202996e-01 3.677372689220408386e-01
1.548051066656034314e-01 -5.009130851732427336e-01
-4.377159806210870197e-01 3.025351185169512513e-01
7.490331647884952282e-14 9.120438038145266247e-13
2.251373941648050769e-02 -9.790338497123543537e-02
-3.831874239906762208e-02 2.625116548601783353e-02
5.811175152730519008e-04 -1.241870248672178071e-03
5.179733383487597385e-12 2.054677548234359642e-11
-1.079368140706125079e-01 3.251808756520914168e-01
3.066561741862420803e-13 -4.432503270382740947e-13
1.255333938181270870e-01 -3.799294271477069995e-01
6.643934498696523194e-01 -4.686648306299959765e-01
5.337158995437848584e-12 2.566744847629682854e-12
1.767816378042826736e-02 -5.276972345890881128e-02
2.600076783576886451e-11 3.460072932896047831e-11
-6.630998747578568104e-13 -1.108417343704886464e-11
-1.851241015837993761e-02 1.260551081852077406e-02
-2.771985647727164340e-02 8.794601870201099181e-02
6.359970499674728883e-02 -4.343375450390988407e-02
3.326815839126978816e-12 -1.870827438086957903e-12
1.103023127180772500e-01 -4.676544575514721136e-01
-6.585065976999634474e-01 4.457276312230408766e-01
-8.859491255049457836e-02 1.866012622612342742e-01
-5.786442085048630992e-12 -1.581649733299865878e-11
4.673195427168249879e-04 -3.496502258257055788e-03
7.566462777325549265e-12 3.316192263139913387e-12
1.166667704915330846e-02 -8.820817713648190783e-02
1.487078405479915766e-01 -1.537177224211569160e-01
-5.234827835477605223e-11 -2.415371112769010235e-11
-1.232980756904581820e-03 9.034595127459257857e-03
-1.795565688476919592e-10 -1.320511941716088318e-10
1.362292112746063804e-10 7.614143139164056506e-11
-2.515619337011975717e-13 -1.626012715665967966e-13
-4.926171035154096323e-02 4.112386050656653691e-02
-6.353694425812050933e-12 -3.469864658894013743e-12
-6.483458903054767999e-12 -1.845392351146951006e-11
2.351360464323697108e-01 -2.276899233558089264e-01
-2.843372977766123807e-12 -4.308586033386567387e-12
6.447508685908197590e-01 -4.021367623319644924e-01
-3.931676205374343702e-01 3.592061263064902921e-01
5.297264053277027742e-05 -3.772120980551311190e-05
-8.894168511381206734e-04 3.043144696811985947e-03
-4.611443553394316275e-02 3.293260763282788300e-02
4.758917316148423622e-12 -6.566559763718087778e-12
-7.932605434131964443e-05 3.710029954436969233e-04
1.926440655062900409e-01 -1.363772004972788054e-01
4.231416066058003855e-02 -9.417477573126803447e-02
-1.103973625286487162e-11 -5.784437869676034875e-12
-2.611071347566217023e-14 4.113329288481689606e-14
1.196461799069479681e-13 -4.214819183607412279e-13
-1.056341235885059129e-12 -6.295916635153439431e-12
3.546273263659439900e-02 -3.356183126365103880e-02
9.763382002307810775e-12 7.510680837191995725e-12
1.815328870293854796e-11 1.157331614195044212e-11
3.858879750446373143e-11 -1.531278652098833744e-11
-4.242227231712483957e-11 1.058487278542676500e-11
3.602067471559604735e-05 -5.502732660156696513e-05
-2.385564110558619963e-13 -1.008049092967114912e-13
1.215782107339599509e-02 -1.862850439560376214e-02
-4.375840000972053973e-02 1.623285680696454417e-02
8.927724224056715890e-12 8.655137175253148568e-12
-3.912624588758537025e-02 5.941188217711279584e-02
-2.783324063392500558e-11 -2.182283238472917839e-11
1.899381953307082473e-11 1.512521603391415446e-11
-5.200751932410618481e-05 3.772997594202187610e-05
-6.032596966781290508e-05 2.133804888706611227e-04
6.117670859928037380e-04 -4.450966582278500692e-04
1.446764557721007879e-13 2.829578260579250219e-13
-6.838691448164250543e-03 3.342391164306830059e-02
4.850396075113460465e-02 -3.498363642957728892e-02
5.884924846765235765e-03 -1.341289579764241152e-02
8.366276510716032919e-13 3.205312570429866367e-12
7.200916024080246754e-16 9.510533844330840496e-16
-1.495504571979196901e-04 9.755670402712939959e-05
2.392905320244926678e-14 1.070836596731971731e-14
7.612133089401309336e-15 -7.161058496891473964e-14
-1.735300983843375902e-02 1.323897305102855748e-02
5.116040563924404207e-12 1.229707645181152182e-12
-4.883166698118815430e-02 2.299367354181638262e-02
3.020186731108034928e-02 -2.168462778229918522e-02
-1.543983509057761409e-07 -6.813267944790208129e-08
-9.648312908872239209e-06 2.484971851255083960e-06
-1.482046183772423487e-04 -6.515774299570480999e-05
2.530875267698202527e-14 -6.822228599135066753e-14
-3.005281034071824193e-03 1.015241359329485931e-03
-1.666247701543572754e-02 -7.407990328414111592e-03
-9.525660025585190246e-03 1.092018472967546359e-03
-8.049393486060212868e-12 5.499807898236027012e-12
-3.299102654051009608e-08 -1.877805309052644720e-07
-1.316979239252375234e-14 -2.289070863026268616e-15
-6.060755328409593167e-06 -3.422258983648798661e-05
-3.077666927047130284e-05 6.179941623094763984e-05
-4.524936912515696780e-12 -6.193998858738826730e-13
-1.574720591607951369e-03 -9.111075109249786030e-03
4.290887924678292132e-11 1.149528008450137690e-11
-2.920564648172209945e-11 -1.020209344260528257e-11
-7.911138850074338714e-17 1.112232206246789067e-16
1.733868693693145878e-07 -1.368162248037713128e-07
-9.887738297118754495e-15 -3.548000653974905967e-15
7.159806790356069394e-15 8.837998223176346033e-15
4.223449819562931406e-04 -3.869985870523598459e-04
-2.109583498138948619e-12 -4.883422724948027536e-13
-7.327625033089955192e-03 4.294483235480893446e-03
4.575628217451075362e-03 -3.954666547106482424e-03
-3.072509488363974654e-09 2.498573096177531121e-09
-4.596134690494738725e-09 2.051460296292594816e-08
-7.949206665818999162e-08 6.482380132168693180e-08
-3.922973404963262848e-15 -3.800534741304785586e-15
-3.229479584536052223e-06 2.185651249168829344e-05
-2.250404746845511607e-04 1.819705177341239858e-04
1.044120972137128987e-03 -2.787993594673811824e-03
-5.204280330405696692e-13 3.182165700190615353e-12
2.150525749528447977e-18 -1.303218509413885198e-17
4.745609478140635164e-09 2.932684476809553159e-09
2.228523993462193212e-16 1.007348203131567581e-16
2.038731195359463877e-16 -5.471334547312706349e-17
1.137014845161003005e-06 5.916943665569546379e-07
1.486543161166927814e-14 3.613385707294673739e-14
-7.366586023986811289e-04 -6.098129153553877822e-04
-1.501512406547591584e-03 -8.376184364887763727e-04
-7.648978836127343085e-17 6.421964295174958054e-17
-9.665110785162833947e-17 -2.900810492584667855e-17
-7.169560798476563992e-17 -1.267302089319158136e-16
2.092229822711756410e-16 7.016005385756328510e-17
-2.274499988533695506e-16 -4.467818505174766972e-15
2.770899558570978511e-14 -7.296868019435324039e-15
-3.384294507577155038e-13 1.447553599284090007e-13
-4.205228024310456517e-04 1.882310262951241179e-03
3.369212004042650976e-01 -2.321894289107684917e-01
2.451774286514587231e-01 -7.933367628927178172e-01
2.763740098003023560e-01 -1.910207703437561966e-01
2.649833745082729603e-13 7.227754470227606624e-16
3.565683883112753111e-02 -1.550575475242777779e-01
2.419446617332060567e-02 -1.657499426230726533e-02
9.203630454348644182e-04 -1.966850831532025983e-03
-3.439481815899569376e-12 -1.297251700431315925e-11
-1.709483046171617338e-01 5.150153806728071659e-01
7.144640123920660173e-13 -3.010860822019142812e-13
1.988174380627975302e-01 -6.017251111666823693e-01
-4.194982361963426887e-01 2.959151235694806870e-01
-6.843920180219446136e-12 -5.985137325581682910e-14
2.799834471160302096e-02 -8.357569969639903895e-02
-8.538931108666909749e-12 -2.004784029083023934e-11
-2.449864435566862390e-11 -1.290701716091065691e-11
1.168874167968965601e-02 -7.959123552255609538e-03
-4.390218953387917122e-02 1.392872573137256820e-01
-4.015687402390573368e-02 2.742408644603494539e-02
-3.560495661392870797e-12 1.544277624127200257e-12
1.746947370698448965e-01 -7.406623713549448373e-01
4.157812758520790242e-01 -2.814325685469583060e-01
-1.403149632661346291e-01 2.955355843553685857e-01
6.750275929586282975e-13 9.897914086148286021e-12
7.401319393024086320e-04 -5.537694791841847423e-03
-4.539844188787611399e-12 -2.815929570048012031e-12
1.847746461300972878e-02 -1.397024589370244596e-01
-9.389417796039893627e-02 9.705741897403180607e-02
4.164752719804224479e-11 1.019728668805860275e-11
-1.952771846069005718e-03 1.430882256762214776e-02
6.944736099088114641e-11 7.230208634231304536e-11
2.265846390381571215e-10 1.097338421379141950e-10
-4.041559838737059010e-13 -2.440263380829920160e-13
3.110385963093602671e-02 -2.596561864286717203e-02
-9.675342515430067686e-12 -6.258657056405116184e-12
5.009448447457557534e-12 8.810948791711549942e-12
-1.484649747280510357e-01 1.437634902429253403e-01
8.469563989413281672e-13 2.246149544799697060e-12
-4.070959041107796716e-01 2.539092800205077771e-01
-6.226915139317062975e-01 5.689039354083775812e-01
-3.344694212366662882e-05 2.381718393441281502e-05
-1.408641751445060880e-03 4.819675577004233283e-03
2.911666931324633986e-02 -2.079365896199051808e-02
1.623019885494994107e-11 1.646642273155208146e-12
-1.256351219347624977e-04 5.875876025187164349e-04
-1.216355244353994336e-01 8.610860788986225700e-02
6.701637512865761537e-02 -1.491522460603375566e-01
-1.615285928288374279e-11 8.251335715916650746e-13
-7.900161972804763995e-15 -6.235595648191935331e-15
-4.022443191117351893e-13 -5.540718220139068918e-13
-8.027205740664437641e-12 8.991018204255248871e-12
5.616521176144755739e-02 -5.315459979193982998e-02
-1.705395968381944491e-12 1.622394640849570075e-11
3.646877765300947844e-11 -4.064550117694648351e-12
-3.156290446160326966e-11 -2.180008948432689030e-11
-6.795868215825830689e-11 1.915626730988110739e-11
5.704886998620820282e-05 -8.715124938668859312e-05
-2.616186981882187987e-13 -8.265737623765807115e-15
1.925532932227077068e-02 -2.950347636376141405e-02
2.762906773102814795e-02 -1.024943098286060228e-02
1.808103796337554312e-11 1.890743312154928009e-11
-6.196741546515191490e-02 9.409542634746563550e-02
-2.124180874935030256e-11 -2.414370598999438175e-11
2.014973524532143759e-11 2.301953453536880950e-11
3.283756429170527248e-05 -2.382271884724784699e-05
-9.554314094045734691e-05 3.379480219481830416e-04
-3.862699337006278931e-04 2.810341719606756724e-04
-4.996982865642657678e-13 -6.122524549947643212e-14
-1.083099143684494899e-02 5.293616527612636513e-02
-3.062541629831598208e-02 2.208867919997651794e-02
9.320433759550892164e-03 -2.124309315064025136e-02
-2.337940393349340507e-13 -2.510116723899011234e-12
3.977687718848722757e-16 3.429399297233883099e-16
9.442620638207158221e-05 -6.159733404542180326e-05
5.640458621828390808e-14 4.590084448056114969e-14
3.292811517524231676e-14 -4.012583130848179896e-14
1.095669594749325119e-02 -8.359091808531978265e-03
6.876544850969449692e-12 6.555330505455027114e-12
3.083233010854810607e-02 -1.451821281304408948e-02
4.783315180736726763e-02 -3.434370735814883807e-02
9.748716807988496632e-08 4.301899611219208308e-08
-1.528081728172120429e-05 3.935651886174352017e-06
9.357644335448185699e-05 4.114061979269914039e-05
-9.038235910344658716e-15 6.112694963788686320e-14
-4.759707815041649796e-03 1.607920250330685313e-03
1.052069330998973984e-02 4.677407473078491924e-03
-1.508656197440353883e-02 1.729518428871684244e-03
-5.628228408119329461e-12 4.552285646871466503e-12
-5.225057045980299888e-08 -2.974032883494579135e-07
1.526888575644548178e-15 1.144317503591013842e-15
-9.598910654651079935e-06 -5.420109674852842385e-05
1.943239881729938201e-05 -3.902017112412889410e-05
9.426714439008504872e-15 7.039576522433757365e-13
-2.494012962045830898e-03 -1.442995010744280854e-02
2.304769527997466959e-11 -1.053444091417009120e-11
-4.685300236705820394e-11 -1.104139707572444958e-11
1.296720731545467027e-18 -3.185951319910133153e-18
-1.094765254548193627e-07 8.638580801806855786e-08
-5.747069708240246737e-15 -1.937922041244927595e-15
-3.741480214908963250e-15 -7.830860718344742112e-15
-2.666687565558072213e-04 2.443510314389269475e-04
-1.969915623769639571e-12 -9.617625339130693903e-13
4.626664779922890977e-03 -2.711538092517152675e-03
7.246794272930037056e-03 -6.263326813618667714e-03
1.939983491395614777e-09 -1.577599866372815962e-09
-7.279272110575098893e-09 3.249064389749871853e-08
5.019132172107523278e-08 -4.092976765436487934e-08
1.071395990434613595e-15 2.937715146923497319e-15
-5.114788974730158236e-06 3.461593512556515085e-05
1.420906291245660718e-04 -1.148962425738052595e-04
1.653659237152384351e-03 -4.415572040735673068e-03
-4.762037917478799884e-12 -1.843323457260895530e-12
4.261871125806839601e-17 -5.037893567361704058e-18
-2.996379427811875350e-09 -1.851698061406308131e-09
8.526875034043226433e-17 4.751920512079741867e-16
-6.336596021959901634e-16 4.086636277716359262e-16
-7.179115369738646574e-07 -3.735960243787010590e-07
-4.356690079326117174e-14 1.134755232498302965e-13
4.651264762009150772e-04 3.850360695022464106e-04
-2.378067229323118422e-03 -1.326604391020596001e-03
7.755802670036915376e-17 3.963406930003121727e-17
-5.719878305378592175e-17 -5.545887207653406610e-17
-1.675471669812429469e-16 -4.143955439107769547e-17
-1.466117401263304654e-16 1.966849800751868888e-16
7.462295732417463228e-15 -6.519046476107711324e-15
-1.861901842006460816e-14 -9.391806399973596547e-15
-3.331623569560835854e-13 1.837581487330236105e-13
2.655182309620291933e-04 -1.188491300561002155e-03
