-4.526197756585460530e-01 2.193519767158696454e-01
-6.608899019730053448e-01 -4.368799046208034498e-01
1.583913155555205232e-01 -7.676081201707882218e-02
7.135327890299958353e-14 -2.168801550483711931e-15
-2.293940001953084229e-01 -1.603322999761212786e-01
-5.395126747544464264e-14 -2.395726125808317134e-13
-6.202397344682162306e-01 -4.335092946429318084e-01
4.683608645140270310e-01 -2.476675799626296137e-01
-2.580054934876980025e-02 1.250529024311062241e-02
1.932097918670158399e-01 1.277066842484443909e-01
-1.324234310139774662e-01 6.418445025481940569e-02
-1.056484314138594734e-13 2.270413899435906893e-13
2.421148444063240486e-15 -3.246335751795662570e-15
9.684793741397838829e-02 -6.362744992008555200e-02
-1.313765958118673002e-13 -5.815328069794862366e-14
-1.073898211617606976e-13 -3.042411209848844587e-13
3.017444362070142733e-03 1.403317408483317980e-03
1.503767703685084831e-15 1.811436120759522394e-14
-7.942829227634960743e-02 -3.693955809422216907e-02
4.985807055646142294e-02 -3.878448612483374053e-02
-1.633109854902159419e-04 7.905823435147232457e-05
2.045795970569309376e-03 1.353634491416985273e-03
2.884563292910867147e-02 -1.396406786927961892e-02
-1.281283585492258998e-14 5.052955553796726462e-14
2.734822937774570695e-06 5.074223580813298206e-06
-5.262442226006879151e-18 1.276201251840920008e-16
-3.681673297686404063e-03 -6.831018732005330815e-03
-1.548622535420308630e-02 3.092401756441976596e-04
9.080477661009404341e-17 8.684515341353791227e-17
2.480538409374529704e-16 -4.483910306596344319e-17
3.282005777928780837e-15 6.088803563209070391e-16
-8.215120539637894501e-03 1.373354681409664178e-02
-7.168507237491466011e-01 3.474055525653475529e-01
4.172860949370904571e-01 2.758461111470118521e-01
2.508571991266166923e-01 -1.215723364495759767e-01
-1.189403501348297292e-13 1.860395741334188927e-13
1.448394449026142172e-01 1.012338653526742155e-01
1.032243741975662843e-13 1.714963629522692260e-13
3.916195662072270434e-01 2.737179069318515512e-01
7.417811654684268730e-01 -3.922512746755645319e-01
-4.086242685002777764e-02 1.980564448034897312e-02
-1.219927242211291396e-01 -8.063404117412989458e-02
-2.097297499343206972e-01 1.016541302282372439e-01
-1.505123659167136282e-13 4.277440222898374913e-13
-3.254936818383085464e-14 1.028572652441439052e-14
1.533859494488104824e-01 -1.007719635300057814e-01
4.376157689192859539e-13 -3.012615689364920874e-13
-1.729518905706312177e-13 -2.704368584337279481e-13
-1.905215332816868066e-03 -8.860550593906216113e-04
-1.685973805820215766e-14 -1.735826915614795167e-14
5.015104908208133094e-02 2.332364876488394675e-02
7.896427837490463397e-02 -6.142614274502469773e-02
-2.586488802252765590e-04 1.252109509133499902e-04
-1.291716228457710693e-03 -8.546852497006109843e-04
4.568517319434328011e-02 -2.211602916377311892e-02
6.030211183944989661e-15 1.296887829023109733e-13
-1.726768075274441694e-06 -3.203866387334028797e-06
-6.398844840282200373e-16 2.494619353763453840e-16
2.324609694656773126e-03 4.313107406552349997e-03
-2.452679368046880443e-02 4.897687985640532260e-04
-1.489298620023860098e-16 -8.810875542180076394e-17
8.232471557453692637e-18 -1.341514716693122615e-16
4.514068843872149605e-16 1.323919561792426581e-15
5.187029729445988974e-03 -8.671365839594224328e-03
