-1.300713403139077406e-01 -4.858615002602941768e-01
-3.203232640299562006e-01 7.245912779717168517e-01
4.551760468153193823e-02 1.700240535008843978e-01
5.894573508002001858e-13 -8.755578900427608260e-14
1.105511565075584374e-01 -2.571118346869731841e-01
8.391862832273678385e-14 2.321956767224199410e-13
2.989102651462105520e-01 -6.951836377144733348e-01
1.331711552836730428e-01 5.128026647479696498e-01
-7.376754076422653052e-03 -2.770621103751356312e-02
9.393199349697602119e-02 -2.116974290649561719e-01
-3.786178901798381569e-02 -1.422044080485563577e-01
3.466987729037068563e-13 5.615266249308795298e-14
-3.082470123354066246e-14 1.931908349661466743e-14
2.525710359843731309e-02 1.130931212873112351e-01
-1.180894476705683570e-13 -2.846047302256577520e-13
-7.991735208395659953e-13 7.796085293610857218e-13
1.536063573104749043e-03 -2.952080440398640454e-03
3.592316164172814048e-14 2.473810324816566765e-14
-4.043385594669140354e-02 7.770770785127832647e-02
-1.133202831373279068e-02 -6.214216521712531693e-02
-4.740681082511231958e-05 -1.751378790666487518e-04
9.856312473260388229e-04 -2.246361176142173000e-03
8.373467859380236133e-03 3.093462083997039827e-02
1.283158051909662809e-13 -1.359087704342151242e-13
-1.527181292635613175e-06 5.558301786177163845e-06
4.105440701749843155e-15 6.606600687446224913e-16
2.055921810163756878e-03 -7.482694748393589959e-03
-5.917719332693238514e-03 -1.431430763620879405e-02
-2.953416298151701712e-16 -1.350879718669868125e-16
-9.732159537351092686e-16 -8.518414754633372397e-17
4.086714354876546920e-15 -1.080968276297195503e-14
-3.326546904323796940e-03 -1.565351715334439842e-02
-2.060045527346857919e-01 -7.694983446022507501e-01
2.022522110946153584e-01 -4.575071640640611115e-01
7.208992981383148535e-02 2.692809116202480868e-01
-2.969944034071941472e-13 -4.714581276307641504e-14
-6.980203548569489935e-02 1.623404944429208130e-01
6.941693674203373554e-14 -6.396383809504523369e-14
-1.887320367680911382e-01 4.389391706244853975e-01
2.109139816293857383e-01 8.121672563469921613e-01
-1.168316495002899580e-02 -4.388057814237680127e-02
-5.930869065909041143e-02 1.336658242455551204e-01
-5.996479234770882294e-02 -2.252206781765407062e-01
-2.604378341397035784e-13 -3.850977898945077152e-14
2.089232335738927552e-14 2.882936466443944913e-16
4.000172764905363804e-02 1.791147674178826810e-01
-6.796872144432801167e-13 2.126390937994210352e-13
-1.153499156472018831e-12 8.242806043837980868e-13
-9.698710300736052524e-04 1.863944531812130765e-03
1.586639142940916289e-15 4.004458003272650166e-15
2.552994954290523089e-02 -4.906467152668008563e-02
-1.794745421025027710e-02 -9.841959743460433618e-02
-7.508201913476291725e-05 -2.773800927859599902e-04
-6.223278839964835373e-04 1.418353163237787672e-03
1.326174157243970551e-02 4.899367312410193853e-02
7.200598683263213501e-13 -1.623708059726716495e-13
9.642627550025050153e-07 -3.509513521280735781e-06
3.625352719240544610e-16 -1.361416442047463820e-15
-1.298109686885722761e-03 4.724575851220822083e-03
-9.372373048405348989e-03 -2.267073234722890782e-02
3.470351855619745435e-16 5.326070753318646368e-17
1.027711064227652414e-15 5.151995802835263188e-16
2.075610395557503843e-14 -7.547769670358012725e-15
2.100382776568346550e-03 9.883635724256323307e-03
