-6.736918727620089253e-01 3.343277946839488535e-01
-2.134001336754611788e-01 4.776993979269247292e-01
-1.015298745112690471e-01 2.200314925589505755e-01
-1.110107304836787230e-13 -6.998633430376289871e-15
4.040318880894902542e-02 -2.005057713757195034e-02
-3.698633252160246632e-02 8.279447186299801476e-02
-2.583826227647062121e-16 -1.280006755495781585e-15
-7.745651921890647773e-02 4.136552996533557347e-02
4.253692633767203191e-01 -2.110946762181303005e-01
-3.379791350268669392e-01 7.565713597919718758e-01
-1.608011137373380750e-01 3.484817570313273327e-01
-7.756739056652145069e-14 3.866812625352113641e-14
-2.551058630302251162e-02 1.265994080102222398e-02
-5.857826074499488528e-02 1.311283339114471258e-01
-2.498780033470504355e-15 -3.127363448325716654e-15
4.890607094425226953e-02 -2.611820881623166252e-02
